Generation;BestFitness;AverageFitnessPopulation;BestNumberOfWheels;BestCarMass;BestRoadCompleted;BestDistance;BestEllapsedTime;BestSumVelocities;BestSumAccelerations;BestSumForces
1;2280;238.023419857025;9;334.7019;True;2280;41.9842;626.4776;106.1214;656802.9
2;1045.07006835938;339.315670192242;10;366.6007;False;1045.07;47.58362;311.4144;-29.94605;23823.26
3;1554.92114257813;533.76646797061;9;363.5162;False;1554.921;32.46309;411.3326;122.5863;764775.9
4;1421.70092773438;543.263650792837;8;380.5407;False;1421.701;30.66406;379.0769;-13.57352;7691.58
5;1814.25073242188;838.73322956562;10;406.9955;False;1814.251;47.65381;512.4929;7.947566;390405.4
6;2107.97314453125;848.579464330524;10;384.2379;False;2107.973;44.19849;565.2133;45.47871;492961.8
7;1570.89147949219;793.18285472393;10;286.5881;False;1570.891;46.87851;448.1613;30.03629;113227.5
8;1733.8056640625;908.49986114502;10;400.44;False;1733.806;44.53967;479.5928;17.10803;30150.46
9;2160.45825195313;1160.7095638752;8;368.5956;False;2160.458;48.24255;713.1429;19.6358;562665.5
10;2249.603515625;833.420198008418;10;396.3919;False;2249.604;50.84998;637.1646;5.767809;59533.31
11;1901.73950195313;895.405083465576;8;402.3453;False;1901.74;45.99915;591.5252;22.01505;157011.3
12;2280;1043.72030835003;10;380.8517;True;2280;45.28894;640.2561;53.10876;6660896
13;2280;1134.91616032124;10;389.4118;True;2280;60.27234;697.9583;52.22818;3481951
14;2250.23120117188;1360.70242676735;10;349.9118;False;2250.231;53.07715;611.207;-15.45967;111388.4
15;2280;1140.70463056564;10;383.4256;True;2280;40.18799;653.5071;119.1087;1.023298E+07
16;2029.47973632813;1269.80954487398;10;418.0395;False;2029.48;46.05725;561.686;-29.63924;343773.7
17;2280;1644.22925077677;7;280.2186;True;2280;48.85327;640.5708;25.94874;4149133
18;2280;1048.56293166876;10;421.9347;True;2280;41.99805;676.5967;99.85437;6948070
19;2280;1422.8473675251;10;442.956;True;2280;40.02502;658.5374;117.626;2347797
20;2210.3134765625;1400.33284169436;9;331.0036;False;2210.313;54.13086;653.8962;-59.67606;48517.05
21;2280;1316.93780331612;9;331.0036;True;2280;48.91223;619.9496;92.14639;4145919
22;2280;1340.15520570278;10;372.3724;True;2280;46.96594;719.6686;46.78819;1.114504E+07
23;2280;1763.86902160645;10;375.4495;True;2280;42.40137;600.52;101.2449;3509177
24;2280;1125.55389351845;9;341.6652;True;2280;44.49487;639.2377;71.12383;2337320
25;2280;1407.03432097435;10;315.4588;True;2280;49.65918;604.2198;72.46175;6953716
26;2280;1470.36530914307;10;390.8306;True;2280;43.37427;604.6018;52.49106;7789892
27;2280;1620.9152961731;10;390.8306;True;2280;40.60522;650.05;82.82516;3046968
28;2280;1649.90193099976;9;331.3482;True;2280;44.68335;699.2505;62.55301;1.954749E+07
29;2280;1732.34914562702;10;347.095;True;2280;49.11353;729.4001;47.56803;3.07701E+07
30;2280;1645.71226627827;10;327.4722;True;2280;43.29736;715.7887;74.1939;2.463631E+07
#
Generation;BestFitness;AverageFitnessPopulation;BestNumberOfWheels;BestCarMass;BestRoadCompleted;BestDistance;BestEllapsedTime;BestSumVelocities;BestSumAccelerations;BestSumForces
1;1418.08056640625;340.0861548841;8;342.4649;False;1418.081;45.75595;436.6048;-15.79683;394386.2
2;1945.98742675781;543.11758518219;8;326.8019;False;1945.987;45.38284;583.7142;20.42808;176055.7
3;1777.58520507813;616.076659935713;8;326.8019;False;1777.585;49.12433;542.8858;-51.08895;317292.2
4;2027.23327636719;948.497481608391;8;365.7066;False;2027.233;42.64911;589.9772;-37.70092;24070.75
5;1945.34912109375;1009.10813112259;9;367.762;False;1945.349;53.38232;588.5649;-13.53728;152457
6;2114.01342773438;817.20391240716;10;331.0178;False;2114.013;46.00217;644.0472;4.387944;954432.3
7;2124.0341796875;1002.5515765667;6;306.4785;False;2124.034;53.90918;640.1914;-77.33419;28342.4
8;2077.42114257813;673.953504967689;9;327.4205;False;2077.421;40.88251;613.1859;109.9735;1040648
9;2075.15600585938;1077.51886146069;9;331.5309;False;2075.156;42.53528;603.8441;11.13908;629220.6
10;2280;1137.46691747904;9;329.9622;True;2280;48.43079;678.6655;97.44798;1.444155E+07
11;1948.59545898438;1253.82604666948;9;329.9622;False;1948.595;54.90417;566.7747;-51.28825;46434.96
12;2280;1373.50756523609;9;307.7381;True;2280;48.62195;645.7809;79.76192;1.086865E+07
13;2280;1461.43728647232;9;307.7381;True;2280;49.43561;669.5394;69.51942;1.332943E+07
14;2280;1480.30455217361;9;307.7381;True;2280;38.96863;603.212;120.1299;3443149
15;2280;1391.57534561157;9;307.7381;True;2280;45.35254;622.5696;60.11114;6857317
16;2280;1435.67590140402;9;307.7381;True;2280;52.17456;645.7224;24.38944;8500649
17;2280;1614.8794406116;9;307.7381;True;2280;42.5321;601.4414;112.0999;2.431346E+07
18;2280;1840.43348509371;9;312.7313;True;2280;39.8739;583.9072;99.00098;1.624691E+07
19;2280;1743.59536819458;9;307.7381;True;2280;48.78662;636.7938;32.13714;1.303056E+07
20;2280;1866.19498901367;10;341.678;True;2280;47.36389;644.7991;68.14616;1.818563E+07
21;2280;1605.14241199493;10;319.3468;True;2280;42.19458;603.7432;80.1028;1.413738E+07
22;2280;1433.29969829321;9;307.1887;True;2280;41.92041;626.741;57.26762;1.286331E+07
23;2280;1650.74048156738;9;339.5096;True;2280;47.91064;655.2372;49.63039;1.997577E+07
24;2280;1347.95634905696;9;287.2112;True;2280;43.44141;658.8795;88.64787;2.949965E+07
25;2280;1533.64706337452;9;321.1115;True;2280;42.66309;671.8965;78.53426;2.499315E+07
26;2280;1640.97021942139;9;270.1292;True;2280;41.20459;579.0516;90.36845;2.196974E+07
27;2280;1474.39555778503;9;309.8914;True;2280;38.4231;543.0723;102.4041;3484394
28;2280;1639.98734645247;9;309.8914;True;2280;41.40381;630.1697;95.28825;1.656345E+07
29;2280;1649.62763366699;9;317.0457;True;2280;42.09277;614.2617;68.32452;1.435754E+07
30;2280;1777.51842885017;9;256.2433;True;2280;39.86304;576.6886;89.39948;1.931802E+07
#
Generation;BestFitness;AverageFitnessPopulation;BestNumberOfWheels;BestCarMass;BestRoadCompleted;BestDistance;BestEllapsedTime;BestSumVelocities;BestSumAccelerations;BestSumForces
1;1078.47241210938;273.478230726719;10;411.3558;False;1078.472;35.3014;330.9504;-7.605037;76360.64
2;1411.05554199219;418.177624925971;10;411.3558;False;1411.056;39.75463;416.2324;-4.826682;36696.99
3;1739.64038085938;642.376307535171;10;411.3558;False;1739.64;59.61227;523.4241;13.62783;134395.3
4;2162.099609375;737.501667284965;10;359.6517;False;2162.1;51.62918;644.0328;-17.45411;137201.7
5;1736.15002441406;780.92928801775;10;359.6517;False;1736.15;49.0697;512.2693;-41.68941;11480.34
6;1820.98620605469;940.784455490112;10;359.6517;False;1820.986;51.09821;547.1951;-22.74906;24867.38
7;2202.53784179688;867.193415760994;10;353.049;False;2202.538;50.11505;648.4727;-58.23404;549895.2
8;1859.36010742188;875.642320162058;10;353.049;False;1859.36;48.06696;536.8798;25.30167;153690.5
9;2120.6943359375;864.896666264534;10;359.1434;False;2120.694;48.38464;641.1094;-17.84433;29676.6
10;1775.8818359375;1080.20737555027;10;359.1434;False;1775.882;51.20697;509.5668;20.60697;516728.5
11;2280;1155.65325545073;10;284.555;True;2280;42.5614;603.4742;107.4531;6904062
12;1898.6728515625;969.065198421478;10;359.1434;False;1898.673;48.82068;564.5789;20.80394;365357.9
13;1904.38024902344;1080.9912160337;10;321.6962;False;1904.38;49.77661;554.8875;-0.9091623;14667.54
14;2114.5400390625;1479.33955185413;10;359.1434;False;2114.54;53.79541;623.3463;-19.93218;255191.6
15;2280;1277.83387591839;10;320.0306;True;2280;52.15503;644.3856;62.62467;1942138
16;2117.19213867188;1254.43684149384;10;347.8246;False;2117.192;54.36218;647.7173;-0.3823169;332767.7
17;2160.34936523438;1258.61433582306;10;332.2789;False;2160.349;52.42004;650.7339;-68.24747;979377.1
18;2250.70947265625;945.434061057866;10;368.4258;False;2250.709;46.58484;687.9628;21.53601;342789.8
19;1985.13171386719;922.845289969444;10;317.0382;False;1985.132;49.20325;580.1078;-58.69892;19909.26
20;2280;1169.12179102898;10;381.8288;True;2280;55.06409;663.5164;51.54554;8015056
21;2205.41650390625;1318.97953653336;10;392.6509;False;2205.417;51.62671;661.1736;-0.5822587;129726.2
22;2280;1374.85708503723;10;292.3604;True;2280;43.70386;652.516;61.81626;338134.4
23;2280;1491.36463727355;10;317.0382;True;2280;47.43115;647.0901;94.56068;2745056
24;2280;1310.10806355476;10;318.5211;True;2280;46.52612;665.3264;65.58379;1.231679E+07
25;2280;1490.32797580659;10;392.6509;True;2280;48.1958;643.4562;107.7413;2618309
26;2280;1498.75366573334;10;315.951;True;2280;46.77734;603.1657;66.5865;1.019699E+07
27;2280;1519.78016113043;10;317.7552;True;2280;50.5769;659.4184;-26.02845;1.212565E+07
28;2280;1389.10694580078;10;395.3995;True;2280;47.86719;640.9797;50.45309;4646212
29;2280;1733.06887664795;10;357.6497;True;2280;48.33008;636.293;55.4455;1.045903E+07
30;2280;1520.04540405273;9;392.3207;True;2280;48.73584;654.4268;37.11378;965513.5
#
Generation;BestFitness;AverageFitnessPopulation;BestNumberOfWheels;BestCarMass;BestRoadCompleted;BestDistance;BestEllapsedTime;BestSumVelocities;BestSumAccelerations;BestSumForces
1;1376.12548828125;206.154890778661;9;357.2691;False;1376.125;44.36249;402.8239;-38.88721;140135.4
2;1531.33178710938;343.455388011038;9;357.2691;False;1531.332;42.11337;461.3708;22.36703;358930.8
3;1299.93139648438;378.010397450626;9;361.1531;False;1299.931;40.25172;396.1603;37.881;81778.2
4;1817.76000976563;613.106045150757;9;309.524;False;1817.76;69.98383;556.7429;-20.14394;54203.62
5;2073.56616210938;1048.21202392578;10;322.5386;False;2073.566;52.04105;605.2314;21.0912;40564.47
6;2029.54125976563;1106.11901397705;10;339.2998;False;2029.541;56.79095;580.7612;-10.12055;553794
7;2206.4765625;1035.43428747654;10;345.2836;False;2206.477;48.06586;643.9601;-13.69181;146674.6
8;2162.31665039063;1227.20615692139;10;323.1132;False;2162.317;58.29346;632.2685;-32.89217;388553.3
9;2280;1424.37711524963;10;318.3535;True;2280;48.66095;682.6678;30.57924;1.027497E+07
10;2115.57495117188;1415.08026938438;10;324.0763;False;2115.575;45.92969;556.2709;7.831178;636643.9
11;2033.69909667969;1279.20363721848;10;313.1763;False;2033.699;49.47668;631.8649;-56.43655;17014.93
12;2280;1611.00459022522;10;313.1763;True;2280;42.88983;602.8562;59.40511;7320272
13;2251.79541015625;1583.34344725609;10;325.3082;False;2251.795;49.17578;634.4224;19.88066;449319.4
14;2280;1711.46660932302;10;336.3711;True;2280;44.44006;641.9383;37.21621;1.887391E+07
15;2280;1532.38915557861;10;305.4298;True;2280;45.67114;634.9041;52.41963;1.755332E+07
16;2280;1640.25402803421;10;301.9849;True;2280;42.2627;607.7742;85.23695;1.132504E+07
17;2280;1388.28570927978;10;301.9849;True;2280;43.34802;605.4816;38.22824;6741465
18;2073.3154296875;1390.87540656328;8;188.7924;False;2073.315;47.43945;558.416;10.03823;1112287
19;2280;1678.5512298584;8;186.4399;True;2280;45.17957;697.4535;65.70928;1.976099E+07
20;2280;1658.34765319824;10;301.9849;True;2280;43.30737;548.2071;67.22532;2.258992E+07
21;2280;1515.58731784821;10;301.9849;True;2280;40.495;568.8857;89.73728;149768.8
22;2280;1561.59811248779;10;306.8335;True;2280;47.46448;641.1274;31.13188;4391526
23;2280;1817.25712890625;10;289.678;True;2280;45.91504;683.8185;57.90731;2.593121E+07
24;2280;1839.29887695313;10;306.8335;True;2280;42.42786;679.7408;71.68135;1.161575E+07
25;2280;1713.2758197546;10;302.0716;True;2280;45.34619;618.8528;57.29217;1.241355E+07
26;2280;1730.54605712891;10;279.739;True;2280;42.49121;594.5751;67.64938;1928788
27;2280;1865.58951416016;10;261.7532;True;2280;49.81836;633.371;34.1329;1.150126E+07
28;2280;1910.70737304688;10;266.7068;True;2280;41.35889;559.4464;78.53513;1.430701E+07
29;2280;1656.58842010498;10;272.2526;True;2280;52.50952;666.8358;5.695885;1.450094E+07
30;2280;1863.56041458249;10;296.8077;True;2280;38.92676;594.2932;130.0439;4044585
#
Generation;BestFitness;AverageFitnessPopulation;BestNumberOfWheels;BestCarMass;BestRoadCompleted;BestDistance;BestEllapsedTime;BestSumVelocities;BestSumAccelerations;BestSumForces
1;877.455627441406;130.998130020499;9;258.6469;False;877.4556;34.53601;266.281;-38.87321;32507.81
2;771.952575683594;144.356911054254;9;246.169;False;771.9526;43.03382;236.8035;24.30727;13419.38
3;1007.80902099609;217.836049611494;9;246.169;False;1007.809;43.81184;311.1601;24.48552;307538.1
4;1776.82775878906;386.636285442114;10;295.3008;False;1776.828;44.27342;537.0311;-4.255205;896628.6
5;2073.32153320313;691.306369221211;10;308.7072;False;2073.322;45.71954;627.5872;-26.34006;20282.92
6;2164.40649414063;790.899989822507;10;295.3008;False;2164.406;50.95023;649.4678;-51.92245;45638.16
7;2280;1022.0920715332;10;290.0363;True;2280;39.5741;645.7859;117.9179;2922258
8;2280;895.649021303654;10;290.0363;True;2280;42.7818;658.4362;90.88;2.249818E+07
9;1946.29150390625;1017.19484262466;10;295.3008;False;1946.292;49.54132;581.3683;-23.02668;32154.05
10;2280;1210.27125747204;10;292.64;True;2280;47.08838;663.3886;83.10027;1.547302E+07
11;2280;1464.5053103447;10;266.6965;True;2280;47.72119;668.798;55.76709;4221834
12;2280;1708.5489944458;10;264.6373;True;2280;41.62054;617.3619;130.4655;1.798696E+07
13;2280;1464.48210822344;10;264.6373;True;2280;46.22974;666.9561;82.81765;9075653
14;2280;1627.41422653198;9;266.5837;True;2280;39.81555;655.6658;110.7035;1.553505E+07
15;2207.990234375;1593.31837046146;9;249.7028;False;2207.99;42.72314;643.1261;-19.38995;20395.06
16;2280;1490.02795143127;10;301.6862;True;2280;50.80908;665.013;5.908942;5618309
17;2280;1698.58533630371;10;256.2744;True;2280;39.93433;585.1362;93.25884;1.843993E+07
18;2280;1534.50730603933;9;300.5277;True;2280;43.82458;641.8559;68.77412;4907427
19;2280;1807.56684117317;10;262.3316;True;2280;42.65198;641.0134;94.19234;108369.5
20;2280;1846.97185058594;10;256.2744;True;2280;38.84216;601.031;104.243;1.411753E+07
21;2280;1483.78735580444;9;290.2415;True;2280;46.99658;604.8087;55.98877;1.223403E+07
22;2280;1421.7012842536;9;248.2376;True;2280;40.34241;712.0566;87.20824;1.777981E+07
23;2253.9052734375;1236.21188948154;9;236.8615;False;2253.905;54.44751;654.3219;-26.44109;369641.3
24;1990.48620605469;1021.53028771877;9;236.8615;False;1990.486;45.25488;583.5584;-5.992177;897494.3
25;2203.28198242188;1509.86278686523;8;264.0506;False;2203.282;50.94849;637.5455;-4.238742;267825.1
26;2280;1292.28783051968;8;263.6913;True;2280;48.7373;634.9919;16.36538;6579427
27;2280;1535.57843017578;7;264.1728;True;2280;45.98267;611.7372;68.51048;1.488882E+07
28;2280;1446.59271097183;9;330.9455;True;2280;52.09644;642.5656;58.72409;1.08304E+07
29;2280;1442.01108384728;8;264.1965;True;2280;44.71362;629.6655;87.64479;1.311093E+07
30;2280;1706.80192351341;9;335.7218;True;2280;48.96069;633.9568;67.21915;1.579534E+07
#