Generation;BestFitness;AverageFitnessPopulation;BestNumberOfWheels;BestCarMass;BestRoadCompleted;BestDistance;BestEllapsedTime;BestSumVelocities;BestSumAccelerations;BestSumForces
1;663.757507324219;117.385914307088;10;270.9028;False;2642.072;112.1532;775.9107;-9.521947;56418.51
2;768.74365234375;179.594938457385;10;297.7947;True;2760;107.2592;776.0028;40.35023;531541.7
3;766.851806640625;318.117581489682;10;261.6793;True;2760;118.8875;785.7393;35.60233;4055105
4;872.870849609375;553.774546769261;10;297.7947;True;2760;110.0956;882.9664;24.09546;1539673
5;899.237060546875;654.957805654407;10;298.181;True;2760;98.07605;897.3131;30.28477;5745473
6;907.077880859375;786.637796807289;10;297.7947;True;2760;97.06091;904.1388;31.41811;5615239
7;916.710876464844;641.113425168395;10;298.181;True;2760;95.96533;912.6762;28.04034;2613157
8;909.542053222656;656.611360549927;10;297.7947;True;2760;99.61926;909.1613;26.9889;1.083544E+07
9;920.792053222656;622.061851754785;10;305.6871;True;2760;90.14636;910.9384;25.62719;1.395458E+07
10;918.916748046875;781.032233339548;10;305.6871;True;2760;93.1532;912.0699;35.45802;1.099461E+07
11;933.884704589844;742.612544040754;10;285.1105;True;2760;78.4425;912.3272;27.49096;7845553
12;930.285705566406;786.058705742657;10;305.6871;True;2760;80.5885;910.8742;27.08381;5397155
13;932.998107910156;787.07083119154;10;305.6871;True;2760;77.71924;910.7173;32.84047;7915423
14;938.399230957031;886.874661254883;10;305.6871;True;2760;74.9751;913.3743;28.46113;2857071
15;929.228820800781;843.711143133044;10;305.6871;True;2760;80.73486;909.9637;36.34302;9944886
16;931.068237304688;672.081496858597;10;291.2595;True;2760;83.19714;914.2654;29.53399;3297060
17;931.497192382813;908.309637451172;10;274.1123;True;2760;80.85889;912.3561;28.02674;2870279
18;911.260192871094;533.997587844729;10;262.7657;True;2760;81.10205;892.3622;23.96481;2.246652E+07
19;932.63037109375;758.412763890624;10;262.7657;True;2760;72.39771;905.0281;38.87317;1.356845E+07
20;932.744445800781;804.521897464991;10;308.3172;True;2760;78.24146;910.9859;27.98181;4777522
21;855.480529785156;456.141817462444;10;308.3172;True;2760;80.12134;835.6019;27.23207;3240394
22;934.482971191406;678.087883962691;10;299.2877;True;2760;77.927;912.41;31.69515;4125739
23;943.192138671875;635.550908870995;10;299.2877;True;2760;71.19263;914.3848;28.39219;4991263
24;936.623229980469;673.396652954817;10;299.2877;True;2760;77.34253;913.9658;27.54911;5703909
25;939.087829589844;799.33167104125;10;288.6779;True;2760;74.43726;913.5251;27.13626;9288264
26;891.532531738281;688.165754336119;10;263.418;True;2760;64.51855;856.0511;40.66394;4169415
27;947.95849609375;791.43325791359;10;310.0218;True;2760;63.10059;911.0591;46.85147;1449833
28;953.540771484375;816.988802391291;10;263.418;True;2760;53.86255;907.4033;56.98763;2.684291E+07
29;933.939147949219;792.141646057367;10;289.1829;True;2760;60.52417;894.4633;45.69141;2.60881E+07
30;897.778869628906;723.628580474853;10;263.418;True;2760;63.99683;861.7757;39.97024;2.113091E+07
#
Generation;BestFitness;AverageFitnessPopulation;BestNumberOfWheels;BestCarMass;BestRoadCompleted;BestDistance;BestEllapsedTime;BestSumVelocities;BestSumAccelerations;BestSumForces
1;330.677795410156;46.2073938515037;10;341.5493;False;1645.451;147.8137;478.4915;5.276816;22870.8
2;550.987060546875;137.638072356815;10;408.9359;False;2112.338;96.93521;647.9223;6.743837;16873.97
3;830.238891601563;364.439497900009;10;360.4331;True;2760;110.0804;840.3192;37.16587;1964537
4;835.407592773438;467.613835167885;10;360.4331;True;2760;117.0006;852.4082;20.04801;2194840
5;849.086364746094;444.379636383057;10;360.4331;True;2760;113.8205;862.9069;21.46994;575470.3
6;828.576293945313;443.169781213999;10;368.5523;True;2760;128.9457;857.522;25.70539;1756267
7;855.450744628906;564.639072012901;10;361.9845;True;2760;104.8432;860.2939;26.34105;3345518
8;850.315185546875;593.217867851257;10;337.8411;True;2760;106.5111;856.8263;23.43146;5236272
9;884.859008789063;602.375372231007;10;373.0569;True;2760;91.78088;876.6399;18.67599;7212653
10;852.920776367188;506.067081332207;10;357.8545;True;2760;117.6929;870.6136;15.98603;745510.4
11;887.921997070313;547.413804258965;10;316.0894;True;2760;98.81116;886.7332;30.31934;375040.5
12;900.908874511719;707.071695494652;10;346.047;True;2760;94.4303;895.3392;35.04846;4945649
13;879.106018066406;716.616575622559;10;293.4325;True;2760;116.6942;895.8002;25.42544;7175897
14;904.804504394531;728.286891174316;10;335.5438;True;2760;94.14514;898.9496;28.22215;1493618
15;925.341064453125;679.486176872253;10;335.5438;True;2760;83.82556;909.1666;32.19299;1.116889E+07
16;939.018249511719;825.868309020996;10;297.2172;True;2760;71.10181;910.1201;34.75169;7298802
17;943.691833496094;803.209632515907;10;322.623;True;2760;62.75195;906.4438;39.17392;9376899
18;938.276123046875;797.280707621574;10;297.2172;True;2760;63.21021;901.4863;43.72578;4750236
19;927.537841796875;718.931834805012;10;297.2172;True;2760;81.27637;908.8142;29.18526;1.513121E+07
20;933.16162109375;772.576400756836;10;297.2172;True;2760;75.00757;908.1692;34.50804;1.610669E+07
21;931.3984375;849.202224731445;10;297.9875;True;2760;67.01904;898.4175;36.52483;2.894525E+07
22;937.275695800781;799.862050731853;10;305.3811;True;2760;71.37183;908.6475;43.34624;1.407139E+07
23;938.360229492188;853.745640563965;10;253.8919;True;2760;68.75146;907.1117;39.43178;8497108
24;933.499450683594;718.436893481016;9;284.8423;True;2760;66.56934;900.0688;37.09995;1.42886E+07
25;949.555541992188;884.550729370117;10;232.3132;True;2760;59.55835;909.1139;37.3525;8653820
26;937.289306640625;872.789553070068;10;221.1648;True;2760;65.90186;903.1912;34.2264;2530200
27;937.959228515625;845.200242561102;10;221.1648;True;2760;60.39941;898.3586;47.74022;2012597
28;940.641906738281;860.611092860904;10;205.2791;True;2760;71.27563;911.9175;36.81546;2.129649E+07
29;938.579528808594;769.204502868652;9;212.1648;True;2760;63.39917;901.9787;35.3279;3777548
30;940.790283203125;786.85797085762;9;212.1648;True;2760;62.99316;903.7834;36.4039;4865996
#
Generation;BestFitness;AverageFitnessPopulation;BestNumberOfWheels;BestCarMass;BestRoadCompleted;BestDistance;BestEllapsedTime;BestSumVelocities;BestSumAccelerations;BestSumForces
1;660.614624023438;113.847421639413;9;364.6991;False;2728.497;132.2406;792.8552;-9.374578;54238.91
2;807.73681640625;259.974106589891;10;306.1044;True;2760;106.1044;813.8412;32.23551;968915.2
3;864.40771484375;451.867462432385;10;323.2544;True;2760;112.5663;876.9741;27.33555;2606581
4;851.848693847656;413.878486716375;10;295.1533;True;2760;94.40417;846.2529;32.68575;9126871
5;907.232238769531;654.292956542969;10;357.1715;True;2760;80.01776;887.25;31.19991;2881661
6;901.2578125;703.022326874733;10;310.4333;True;2760;105.7255;906.9833;23.7153;1381982
7;900.091247558594;650.828140377998;10;359.6005;True;2760;89.46228;889.5535;25.33781;3870457
8;915.400512695313;669.943756520748;10;329.6799;True;2760;98.34943;913.7499;32.3371;1506970
9;915.946105957031;749.176930236816;10;347.7792;True;2760;93.13098;909.0771;28.50444;4539780
10;921.419677734375;683.379347801208;10;359.6005;True;2760;75.84534;897.265;37.98514;2.736447E+07
11;924.072021484375;699.368061709218;10;364.6025;True;2760;75.91785;899.9899;33.39787;1534263
12;934.997375488281;736.779348754883;10;364.6025;True;2760;74.97546;909.9728;27.03247;2257582
13;923.139343261719;805.19490814209;10;357.8539;True;2760;78.14697;901.2863;32.90043;1.443436E+07
14;934.483154296875;893.925466918945;10;364.6025;True;2760;80.25403;914.7372;33.5031;77927.57
15;934.5947265625;829.089811706543;10;357.8539;True;2760;74.3772;908.9719;43.26209;2.28295E+07
16;932.746276855469;761.511026144028;10;357.9998;True;2760;77.63013;910.3764;36.11616;2.271234E+07
17;929.918334960938;725.134605360031;10;334.8818;True;2760;66.74072;896.6591;37.89811;5455761
18;938.2978515625;664.277143418789;9;353.9439;True;2760;74.28052;912.5784;33.62608;1858478
19;943.759948730469;710.884074230585;9;355.6025;True;2760;65.73169;909.4916;30.6368;1.295099E+07
20;938.927062988281;688.404002416134;9;353.9439;True;2760;74.15698;913.084;30.70724;3470773
21;933.253723144531;702.295475475863;9;312.1618;True;2760;74.88916;908.1429;29.09635;3196298
22;939.783081054688;811.401351782307;9;353.9439;True;2760;57.51147;897.2946;45.20966;1.014038E+07
23;953.82421875;551.282734470442;9;347.0452;True;2760;56.25122;910.0754;59.5286;1.754263E+07
24;939.257385253906;745.562807631493;9;353.9439;True;2760;71.72241;910.9798;35.61159;5266043
25;931.083984375;771.084402007237;8;345.6263;True;2760;74.67114;905.7551;33.79987;4110435
26;940.311218261719;732.782993888855;8;349.0747;True;2760;66.40747;906.7187;37.97202;3163518
27;933.712707519531;778.215397754312;9;348.1306;True;2760;69.34229;903.055;37.06407;3159038
28;935.726379394531;713.413848392665;9;325.4455;True;2760;70.01343;905.7398;31.31876;5006463
29;930.586730957031;872.874880981445;9;348.8129;True;2760;77.93091;908.5176;36.32635;5314233
30;941.711486816406;762.78605472818;9;326.1261;True;2760;65.72437;907.4359;29.65392;1.247301E+07
#
Generation;BestFitness;AverageFitnessPopulation;BestNumberOfWheels;BestCarMass;BestRoadCompleted;BestDistance;BestEllapsedTime;BestSumVelocities;BestSumAccelerations;BestSumForces
1;230.813827514648;33.2496754810214;9;321.4472;False;901.459;33.06764;263.8815;7.754031;5851.222
2;232.763961791992;53.5286230646074;9;321.4472;False;915.4237;33.10167;265.8656;0.9023846;15382.63
3;497.239074707031;145.316824524105;9;326.3318;False;1971.219;76.403;573.6421;7.031871;16241.17
4;832.510620117188;384.514238739014;9;326.9073;True;2760;105.7986;838.3093;19.51566;1411900
5;857.510986328125;548.535756087303;9;340.9173;True;2760;108.434;865.945;29.76965;2656110
6;872.690063476563;557.10051574707;9;326.9073;True;2760;102.5845;875.2745;35.71171;7342912
7;895.044189453125;667.253633117676;10;335.3318;True;2760;104.3158;899.36;25.19706;4977913
8;880.809509277344;607.026437479258;10;335.3318;True;2760;101.6464;882.4559;37.1961;1.638436E+07
9;908.736022949219;624.044659423828;10;361.2593;True;2760;101.4132;910.1492;33.92204;672080.4
10;906.241943359375;618.19163377285;10;332.4929;True;2760;96.42419;902.6661;32.54845;4010469
11;911.006896972656;634.030917775631;10;335.3318;True;2760;93.58203;904.5889;35.83279;1742905
12;905.895141601563;739.786631774902;10;327.6004;True;2760;96.75378;902.6489;32.09218;7954738
13;930.627258300781;738.342229568958;9;302.3745;True;2760;74.86511;905.4924;34.49888;3209477
14;928.33837890625;657.369744324684;9;302.3745;True;2760;83.16077;911.4991;33.37027;988137.3
15;934.362487792969;687.811488040537;9;302.3745;True;2760;74.50208;908.8646;39.68264;4952111
16;933.716369628906;757.312022995949;9;272.3985;True;2760;77.30322;911.0196;34.02637;1.027285E+07
17;931.347229003906;830.598962402344;9;303.2577;True;2760;70.06982;901.4171;29.14186;2427508
18;927.312805175781;814.136868286133;9;260.6968;True;2760;80.98975;908.3026;25.61997;27234.97
19;934.34765625;814.352417421341;9;273.6742;True;2760;71.77808;906.1257;38.39334;3803886
20;942.065673828125;825.673175048828;8;247.7004;True;2760;65.82031;907.886;30.32327;9881402
21;942.309692382813;684.314477396011;8;247.7004;True;2760;66.35278;908.6625;33.69034;3478280
22;949.055725097656;810.800749206543;8;216.8287;True;2760;62.33472;911.3904;35.23714;1.169019E+07
23;939.883728027344;776.400709879398;8;247.7004;True;2760;68.4729;908.3566;32.46444;5901363
24;940.601196289063;871.908975219727;8;192.3233;True;2760;66.28516;906.8864;32.82926;2.475293E+07
25;950.90673828125;921.156900024414;8;192.3233;True;2760;62.1499;913.0566;50.9981;1.666162E+07
26;940.599243164063;599.294913768768;8;175.1888;True;2760;57.74951;898.3488;45.78362;2.410018E+07
27;947.64892578125;748.05269254446;8;175.1888;True;2760;57.43872;905.0876;41.24133;1.775794E+07
28;955.475280761719;794.29269888401;8;175.1888;True;2760;56.23901;911.7143;48.57344;1.800842E+07
29;941.861694335938;775.3914478302;8;193.0716;True;2760;66.02783;907.8895;33.89918;3886339
30;942.386596679688;760.490374565125;8;179.0713;True;2760;66.05005;908.4366;36.88243;6128782
#
Generation;BestFitness;AverageFitnessPopulation;BestNumberOfWheels;BestCarMass;BestRoadCompleted;BestDistance;BestEllapsedTime;BestSumVelocities;BestSumAccelerations;BestSumForces
1;530.755249023438;72.8405880264938;8;362.3004;False;2190.824;90.91737;621.6726;1.728519;55765.13
2;805.926940917969;189.264549121633;8;355.7209;True;2760;122.1553;828.0823;29.17322;5776083
3;835.569274902344;423.039343082905;8;355.7209;True;2760;117.0466;852.6158;35.97302;6731074
4;889.5302734375;612.56840583086;8;341.3261;True;2760;90.21674;879.747;32.28563;8403534
5;861.229248046875;610.275698852539;8;355.7209;True;2760;111.5857;872.8149;36.24905;1.248031E+07
6;909.357971191406;659.637049865723;8;379.4673;True;2760;83.78845;893.1464;24.43151;3907617
7;916.084350585938;745.070495605469;8;357.4613;True;2760;82.44684;898.5312;27.14512;1249439
8;910.167541503906;759.359323120117;8;362.6395;True;2760;96.19788;906.3654;27.06686;1.765436E+07
9;907.170104980469;631.821394439042;8;370.3949;True;2760;86.11377;893.2839;21.01613;6672310
10;927.306274414063;662.842158102989;8;323.8701;True;2760;77.92139;905.2277;28.87873;4613874
11;930.231994628906;684.860555720329;8;374.406;True;2760;78.08325;908.3152;30.77381;9678693
12;921.727783203125;711.040458607674;8;374.406;True;2760;82.9231;904.6509;13.93248;1897348
13;916.039611816406;670.162721014023;8;302.9306;True;2760;85.22119;901.2608;26.14049;7518693
14;937.786804199219;741.836102294922;8;344.8188;True;2760;74.13306;911.9199;32.25748;9793525
15;940.338073730469;629.575573803484;9;353.8188;True;2760;63.79871;904.1368;25.09608;1.166869E+07
16;937.516296386719;781.769475960731;9;353.8188;True;2760;71.63965;909.1559;26.11867;2102699
17;941.170288085938;796.279750061035;9;353.8188;True;2760;65.89038;907.0607;29.10301;2795541
18;940.724609375;867.923460388184;9;346.5305;True;2760;62.90796;903.6326;39.68065;9660909
19;932.451538085938;818.674123716354;9;346.5305;True;2760;72.55347;905.005;25.23677;3153158
20;935.228698730469;697.107368826866;9;356.5004;True;2760;74.35913;909.5878;38.14484;1.12844E+07
21;943.135131835938;773.496347740293;9;316.6739;True;2760;59.84082;902.976;52.14729;6274141
22;942.447143554688;649.91970433034;9;316.6739;True;2760;65.50781;907.955;31.44414;5270869
23;938.775451660156;728.507273960113;9;316.6739;True;2760;62.83618;901.6116;55.67733;1.13098E+07
24;935.438293457031;805.190018701553;9;366.2363;True;2760;60.91943;896.3577;43.42962;1.279212E+07
25;935.715942382813;800.827137756348;9;316.6739;True;2760;66.41602;902.132;32.86079;7055388
26;937.896484375;797.162280058861;9;316.6739;True;2760;63.94946;901.8459;36.40956;1.369487E+07
27;930.798400878906;763.929457301646;9;353.8188;True;2760;75.33228;906.1307;33.116;8047096
28;929.738891601563;769.317523860931;9;316.6739;True;2760;66.92114;896.66;43.30851;561925.6
29;941.578002929688;769.002782386541;9;306.2722;True;2760;60.56445;902.1425;35.42632;4798509
30;930.951904296875;790.685950034857;9;286.8367;True;2760;61.24976;892.2017;43.30511;8363571
#
Generation;BestFitness;AverageFitnessPopulation;BestNumberOfWheels;BestCarMass;BestRoadCompleted;BestDistance;BestEllapsedTime;BestSumVelocities;BestSumAccelerations;BestSumForces
1;416.559997558594;97.3589824728668;9;328.6967;False;1656.197;67.06253;483.6225;10.9828;19269.04
2;542.040283203125;202.832739527524;9;318.3347;False;1873.366;76.17868;618.2189;8.469456;13164.64
3;541.05029296875;266.862563735247;9;318.3347;False;1885.484;74.50888;615.5592;5.874051;16716.22
4;803.200805664063;407.595753151178;9;318.3347;True;2760;140.3386;843.5394;23.72633;1982781
5;908.070068359375;524.127587890625;9;303.1647;True;2760;99.13354;907.2036;27.57643;4311033
6;870.027587890625;454.494171986543;9;361.9239;True;2760;110.5597;880.5873;26.15214;1174750
7;868.968078613281;476.362663532677;9;287.4406;True;2760;98.18628;867.1544;34.08511;3953843
8;904.192565917969;589.562696838379;9;276.4571;True;2760;80.58118;884.7737;26.41208;4107995
9;906.839904785156;579.102819728851;9;242.69;True;2760;74.33118;881.1711;37.4527;4473441
10;927.517639160156;700.360436725616;9;253.5936;True;2760;81.0957;908.6133;29.37846;4645663
11;937.410766601563;729.554122924805;9;237.1688;True;2760;66.09277;903.5035;35.91753;6849755
12;933.812866210938;723.996253508329;9;232.309;True;2760;72.03027;905.8431;33.07887;2314025
13;940.382751464844;637.447007790208;9;234.7805;True;2760;74.3446;914.7274;27.13183;7777881
14;930.382202148438;756.286129760742;9;207.6251;True;2760;78.1604;908.5426;32.70791;7585148
15;942.862426757813;779.501712067425;9;232.6598;True;2760;68.88806;911.7505;27.10156;1.515047E+07
16;942.0107421875;808.590342903137;10;206.0915;True;2760;66.05273;908.0635;26.79319;1.449423E+07
17;949.999633789063;852.379421520233;10;206.0915;True;2760;62.75024;912.7499;24.41038;2.297263E+07
18;934.970642089844;684.590981142595;10;206.0915;True;2760;77.65137;912.622;22.88703;2.003104E+07
19;943.618835449219;795.356500071287;9;270.9791;True;2760;65.92554;909.5444;25.74156;2.001837E+07
20;944.001708984375;756.044478470087;9;199.091;True;2760;65.92651;909.9282;32.00684;4308561
21;944.914123535156;819.852905845642;9;198.9048;True;2760;68.63062;913.5447;31.39025;1.744646E+07
22;942.404846191406;866.461736655235;9;215.2169;True;2760;69.03711;911.442;23.99786;1834323
23;944.484252929688;825.848613061383;9;215.2169;True;2760;65.86694;910.3512;34.69991;4236973
24;944.539733886719;876.986845764518;9;215.2169;True;2760;60.2876;904.8273;41.52529;9912066
25;943.018127441406;747.38684386611;8;211.8743;True;2760;68.95752;911.9756;31.23936;3845199
26;950.088439941406;747.022283606231;8;211.8743;True;2760;57.15845;907.2469;47.23474;1.476799E+07
27;946.353393554688;900.999003601074;8;242.3551;True;2760;63.0354;909.3888;33.19582;1.457427E+07
28;954.429992675781;836.114353992045;8;208.4401;True;2760;59.54663;913.9766;44.93834;6152491
29;940.378845214844;922.928131103516;8;211.8743;True;2760;66.4021;906.7809;35.38128;4724121
30;946.188598632813;775.47465980649;8;208.4401;True;2760;63.06836;909.257;33.38486;5052170
#
Generation;BestFitness;AverageFitnessPopulation;BestNumberOfWheels;BestCarMass;BestRoadCompleted;BestDistance;BestEllapsedTime;BestSumVelocities;BestSumAccelerations;BestSumForces
1;410.446472167969;81.5784905161709;9;326.4028;False;1552.351;55.66341;466.1099;-12.24913;39039.11
2;525.191284179688;173.588888460398;8;257.3545;False;2189.203;114.7882;639.9795;10.98306;23925.42
3;586.798828125;289.443132725358;9;216.6635;False;2216.229;96.20999;683.0088;-3.337936;30770.15
4;838.734985351563;448.229000002146;9;332.7203;True;2760;116.1549;854.8898;37.0092;1.598619E+07
5;847.486083984375;441.72096491605;8;274.9863;True;2760;87.56342;835.0495;46.84603;1.300123E+07
6;805.204223632813;497.559792327881;8;314.2542;True;2760;88.11731;793.3215;16.2905;7119093
7;851.420227050781;584.795757043362;8;298.8525;True;2760;90.04291;841.4631;51.25154;7143358
8;807.954772949219;552.770887387171;9;333.3702;True;2760;87.3396;795.2944;61.53949;8630213
9;857.2451171875;754.985418701172;9;406.3521;True;2760;90.13257;847.3777;46.9781;3059866
10;835.250061035156;657.111990118027;9;335.6183;True;2760;84.578;819.8281;44.19924;1.568768E+07
11;800.828674316406;630.855300661922;8;336.2817;True;2760;78.4834;779.3121;68.16573;8842732
12;822.890625;528.962399566546;8;336.2817;True;2760;80.3761;803.2667;67.74557;1.258358E+07
13;855.555908203125;591.656892800331;9;347.9925;True;2760;90.10266;845.6586;36.08083;1.887576E+07
14;767.734252929688;562.470072432607;8;336.2817;True;2760;78.32373;746.058;68.39732;1.671914E+07
15;866.04736328125;706.360523986816;8;299.768;True;2760;86.34448;852.3918;41.37377;7577617
16;869.95068359375;698.947560095787;8;336.2817;True;2760;70.80066;840.7513;52.0067;1858091
17;836.165344238281;755.794944763184;9;341.4842;True;2760;84.13477;820.3001;28.05662;1.325611E+07
18;863.419860839844;727.052773185074;9;358.7766;True;2760;71.53296;834.9528;42.5226;1.038648E+07
19;844.130493164063;722.307571411133;8;314.5752;True;2760;74.81519;818.9457;46.41772;5948262
20;799.63623046875;586.343724758923;9;326.3505;True;2760;82.66748;782.3037;26.67352;1.48326E+07
21;873.191650390625;541.033702693135;9;341.4842;True;2760;76.72095;849.9126;35.16882;1.186795E+07
22;863.930114746094;617.724226080999;9;338.7734;True;2760;68.48755;832.4177;39.05065;331786.3
23;782.206970214844;647.129973220825;9;319.7176;True;2760;83.64478;765.8517;30.20878;5766389
24;831.966796875;708.000434508547;9;322.4917;True;2760;72.6145;804.5813;76.16438;4556086
25;842.867614746094;577.979384143651;9;361.9917;True;2760;72.07446;814.9421;68.01218;1.093137E+07
26;776.119262695313;744.354486083984;9;361.9917;True;2760;71.77539;747.8947;65.13015;5297688
27;865.548828125;809.530989074707;8;352.9917;True;2760;58.53149;824.0803;100.7612;6300132
28;872.138305664063;631.860339766741;9;361.9917;True;2760;70.94629;843.0846;83.77221;6220927
29;823.96484375;742.328200803697;10;366.0414;True;2760;68.09131;792.0562;76.82742;7665219
30;872.272705078125;671.256690054014;8;352.7254;True;2760;61.22168;833.4944;76.3407;1.777194E+07
#
Generation;BestFitness;AverageFitnessPopulation;BestNumberOfWheels;BestCarMass;BestRoadCompleted;BestDistance;BestEllapsedTime;BestSumVelocities;BestSumAccelerations;BestSumForces
1;826.80419921875;129.789615193009;10;292.6595;True;2760;115.674;842.4781;158.2692;1694869
2;876.522827148438;210.297932744026;9;298.8155;True;2760;79.72369;856.2465;90.10522;3206893
3;849.147155761719;541.53189239502;9;297.0859;True;2760;77.67987;826.827;60.48499;1511254
4;863.822265625;668.239145690203;9;298.8155;True;2760;65.49094;829.3132;40.25982;2453965
5;847.586181640625;665.648452317715;9;297.0859;True;2760;78.26678;825.853;46.4183;2011839
6;831.26953125;652.952763390541;9;281.132;True;2760;73.55603;804.8256;51.49423;1155084
7;812.890014648438;570.319349527359;9;298.1097;True;2760;75.5274;788.4174;54.72221;434674
8;844.247924804688;639.506111803651;9;305.4523;True;2760;67.1051;811.353;43.92897;8709620
9;825.423889160156;711.156527364254;9;296.6786;True;2760;64.80713;790.231;47.60409;2466470
10;886.770751953125;842.631295776367;9;294.5159;True;2760;62.86401;849.6348;66.96311;6930693
11;815.761779785156;646.612096405029;9;301.4608;True;2760;74.57727;790.3391;31.06508;4340506
12;848.187561035156;623.250555348396;9;300.2144;True;2760;59.50989;807.6974;77.59844;9123569
13;823.517822265625;652.372968304157;9;300.2144;True;2760;69.1322;792.65;61.45328;7049561
14;854.06884765625;802.14977722168;9;298.8155;True;2760;71.7688;825.8376;20.12834;2383973
15;853.523986816406;708.413367772102;9;288.6651;True;2760;74.33105;827.855;60.98174;3172567
16;820.15283203125;706.014761352539;9;306.1495;True;2760;76.70557;796.8584;69.32716;1890032
17;900.480346679688;794.503906011581;9;310.3905;True;2760;69.27417;869.7545;4.559696;5542746
18;864.035217285156;569.999255631864;9;296.1715;True;2760;67.07813;831.1133;16.60825;2660418
19;855.638977050781;686.117477965355;9;292.0162;True;2760;68.20435;823.8433;72.9584;7850481
20;925.642211914063;688.952295786142;9;291.7874;True;2760;61.54614;887.1884;51.56217;1.017997E+07
21;931.126708984375;784.700290644169;9;301.2332;True;2760;69.42041;900.5471;44.05194;1.147409E+07
22;913.229736328125;670.0441375494;9;301.2332;True;2760;68.04492;881.2747;32.75365;3081323
23;935.199890136719;741.69638017267;9;289.6493;True;2760;69.07031;904.2702;35.93872;2321813
24;835.594482421875;607.508960986137;9;273.6953;True;2760;61.146;796.7405;33.01636;7462160
25;930.609558105469;898.138305664063;9;254.151;True;2760;63.31201;893.9216;42.44621;8127293
26;932.622802734375;803.269487428665;9;267.8521;True;2760;64.23755;896.8604;34.91438;1.528098E+07
27;818.262145996094;704.704244679213;9;276.7328;True;2760;60.88086;779.143;39.27853;5836847
28;832.258422851563;757.271636962891;8;258.8521;True;2760;73.33911;805.5975;35.55876;1.505424E+07
29;897.171691894531;779.956685686111;9;287.988;True;2760;64.48901;861.6607;14.28195;4544399
30;797.8662109375;765.637104797363;9;287.988;True;2760;75.97241;773.8386;45.78289;5497801
#