Generation;BestFitness;AverageFitnessPopulation;BestNumberOfWheels;BestCarMass;BestRoadCompleted;BestDistance;BestEllapsedTime;BestSumVelocities;BestSumAccelerations;BestSumForces
1;10877,71484375;1677,08015309572;10;331,5312;False;2175,543;133,7853;638,2412;0,370736;52747,34
2;12177,3359375;3813,91927566528;6;354,741;False;2435,467;88,1044;694,7746;3,982175;12707,85
3;10011,52734375;5855,33627276421;6;336,757;False;2002,305;81,42459;593,7095;8,429162;16985,02
4;32649,986328125;9806,41761920042;6;336,757;True;2760;122,5523;853,1165;31,34915;958344,9
5;26258,978515625;8642,89845486283;6;350,3416;True;2760;97,62823;742,7228;22,26196;6284184
6;11683,814453125;8107,77021729946;6;336,757;False;2336,763;94,24158;698,0164;10,65658;12996,35
7;30393,513671875;10279,0362669051;6;350,3416;True;2760;122,3683;873,9319;16,18611;2838739
8;32916,609375;13991,4384961843;6;325,1727;True;2760;93,42108;855,3594;33,93197;736158,2
9;31635,61328125;15453,0933349609;6;325,1727;True;2760;89,18835;885,9893;38,42031;1803656
10;33447,33984375;19748,7771591187;6;315,6547;True;2760;82,47339;887,1342;42,33354;293882,6
11;33113,21875;22013,7087892532;6;315,6547;True;2760;84,53699;869,6232;43,3782;572317,9
12;33624,15625;21301,9819091797;6;315,6547;True;2760;85,28687;870,087;42,00328;146537,4
13;33510,6640625;19618,8066650391;5;308,8272;True;2760;75,78027;865,358;36,0343;241114,1
14;33581,7265625;21126,7217534065;7;331,0798;True;2760;90,82495;877,6769;38,47956;181893,6
15;33089,29296875;23424,2486816406;6;324,2523;True;2760;87,87292;898,4482;31,77282;592257,2
16;32583,427734375;25711,2974609375;6;301,7744;True;2760;78,37891;903,4113;33,22025;1013810
17;32836,60546875;20657,9299692154;6;301,7744;True;2760;88,09033;898,8759;26,94861;802829,9
18;32800,859375;25551,2889160156;6;338,9673;True;2760;115,0833;882,3354;29,30534;832617,1
19;33358,53125;23239,7331813335;5;300,557;True;2760;88,11548;894,7906;39,02641;367891,5
20;33526,07421875;26525,5134765625;5;277,9452;True;2760;81,68652;906,0963;19,41609;228271,6
21;33375,18359375;23159,6571533203;5;310,075;True;2760;87,92505;903,9805;36,97228;354012,6
22;33715,16796875;27385,2197995186;5;277,3909;True;2760;86,26514;886,2725;36,48383;70694,91
23;33314,59765625;20191,8209108353;5;310,075;True;2760;98,52271;884,5034;25,58529;404502,2
24;32674,4453125;20160,902025938;5;310,075;True;2760;96,93042;855,3879;28,2311;937961,7
25;32824,84375;27739,5399414062;5;310,075;True;2760;105,4727;860,8566;23,44216;812631,3
26;33687,66015625;17228,1460990787;5;310,075;True;2760;97,3064;811,1631;24,76154;93617,16
27;33505,47265625;22832,0821533203;5;310,075;True;2760;89,41138;887,8797;32,00657;245438,7
28;33395,0625;19565,7253295898;5;310,075;True;2760;91,57129;897,9962;36,36805;337448,2
29;33137,71875;26288,6664550781;5;310,075;True;2760;98,8457;898,7626;13,6508;551902,2
30;32757,974609375;20731,2969970703;5;310,075;True;2760;121,0679;888,9692;23,35848;868354,5
#
Generation;BestFitness;AverageFitnessPopulation;BestNumberOfWheels;BestCarMass;BestRoadCompleted;BestDistance;BestEllapsedTime;BestSumVelocities;BestSumAccelerations;BestSumForces
1;30967,63671875;3565,22051079273;10;358,1277;True;2760;148,6603;820,3347;65,25507;2360303
2;31693,0859375;7382,03237438202;10;358,1277;True;2760;122,2059;818,6774;24,13497;1755762
3;31704,361328125;11276,1539028168;10;339,1355;True;2760;113,9918;870,6319;33,17885;1746366
4;32187,09765625;16328,1065063477;10;339,1355;True;2760;111,6655;775,2354;39,17995;1344086
5;33389,44921875;19006,1288809299;10;339,1355;True;2760;102,0338;832,5472;40,37365;342127,3
6;33549,9375;21096,940246582;10;321,5679;True;2760;103,535;775,9451;15,35311;208385
7;32601,36328125;22065,7480957031;10;321,5679;True;2760;88,71033;844,3901;39,40346;998864,7
8;33008,05859375;26469,3329101562;10;325,7515;True;2760;99,58362;854,7024;12,95013;659951,8
9;33439,7734375;23638,8591501236;10;355,5894;True;2760;95,99426;790,5266;44,37791;300189,9
10;33600,4375;18305,728125;10;324,1354;True;2760;100,7994;892,3928;31,19748;166302,4
11;31566,61328125;20259,7553222656;10;328,2633;True;2760;94,8623;806,6165;33,79983;1861156
12;32358,849609375;18616,6833984375;10;328,2633;True;2760;88,27173;844,0501;30,46324;1200958
13;32745,814453125;17564,7330078125;10;323,7499;True;2760;106,4026;832,2117;41,44501;878488,6
14;33048,08984375;23947,3093017578;10;325,7419;True;2760;91,82935;851,4797;42,62697;626593,3
15;33222,109375;23158,9902828217;10;325,7419;True;2760;87,75818;781,4152;27,56915;481574,7
16;33550,09375;21472,7687619209;9;319,1338;True;2760;91,02734;760,6146;30,48727;208256,4
17;33480,6171875;24388,9902511597;9;319,1338;True;2760;94,34546;802,5906;37,18813;266151,6
18;33236,04296875;17998,723309207;9;317,2481;True;2760;110,8254;833,1695;28,79035;469963,7
19;33133,85546875;14900,6064208984;9;317,2481;True;2760;110,5032;843,0178;13,59757;555120,6
20;33373,25;18773,2031391144;10;363,2807;True;2760;100,1868;803,4951;37,46529;355623,9
21;33520,28515625;18416,3787841797;9;286,8873;True;2760;112,4893;850,3539;21,17994;233094,8
22;32655,19140625;21454,0817138672;9;283,0167;True;2760;100,6631;768,3664;27,6839;954007,7
23;32508,42578125;16501,4698486328;10;265,8624;True;2760;102,7593;805,278;29,94533;1076312
24;33684,7578125;20302,3934082031;9;315,8245;True;2760;109,5923;821,3546;33,474;96034,44
25;33373,67578125;21567,5802978516;9;283,0167;True;2760;106,3557;870,8633;33,59317;355271,4
26;33397,1484375;19037,13359375;9;283,0167;True;2760;104,7271;839,553;31,51998;335710,8
27;33379,2109375;22160,6288574219;9;286,3191;True;2760;100,6475;787,7916;33,41278;350657,2
28;33435,21875;18916,3188964844;10;284,3694;True;2760;126,5935;837,2999;26,19872;303985,8
29;32844,12109375;19650,8622070312;10;299,5058;True;2760;139,7759;823,0591;28,74394;796567,1
30;32275,791015625;21582,442578125;10;261,3877;True;2760;135,8999;805,314;37,61515;1270174
#
Generation;BestFitness;AverageFitnessPopulation;BestNumberOfWheels;BestCarMass;BestRoadCompleted;BestDistance;BestEllapsedTime;BestSumVelocities;BestSumAccelerations;BestSumForces
1;6681,6181640625;1695,63968468308;8;362,6468;False;1336,324;71,14767;391,9483;0,4520214;36397,04
2;12128,12109375;5191,74265577793;10;357,1356;False;2425,624;128,8621;701,056;-6,848132;39827,39
3;12130,8349609375;5626,91445402503;10;357,1356;False;2426,167;152,6945;695,6619;-1,365877;52126,03
4;13159,4384765625;7559,12795410156;10;348,0258;False;2631,888;152,7257;768,5015;-11,8688;33681,98
5;12625,947265625;7913,86113986969;10;362,0252;False;2525,189;114,8431;718,3735;-15,3792;34057,02
6;31366,265625;10739,4057373047;10;358,2521;True;2760;134,1835;772,1373;30,05795;2028111
7;30734,212890625;9213,5312713623;10;358,2521;True;2760;150,5446;779,0762;69,28997;2554822
8;32346,0546875;12642,2161132813;10;325,8703;True;2760;131,8596;814,4322;28,5853;1211622
9;30110,900390625;9925,6412109375;10;327,3296;True;2760;119,5249;813,798;33,54514;3074249
10;32914,60546875;10844,3442250013;10;356,8862;True;2760;138,46;802,1823;21,68851;737827,4
11;33548,7109375;13860,2212158203;10;327,3296;True;2760;127,1102;853,6458;25,49126;209406,9
12;31925,357421875;12035,1161621094;10;327,3296;True;2760;138,0042;833,5398;31,60409;1562202
13;33490,41015625;12417,1961334229;10;332,6053;True;2760;114,8364;806,829;46,24703;257990,8
14;32909,03125;13028,3713002205;10;332,6053;True;2760;113,0743;809,2596;32,06575;742472,6
15;33426,76171875;18075,3570518494;10;332,6053;True;2760;109,6826;856,9903;39,10323;311031,7
16;32490,818359375;14711,3277832031;10;321,0446;True;2760;108,7231;865,5396;25,89876;1090985
17;33462,5078125;15614,7211455345;10;345,6101;True;2760;120,8684;769,1834;40,8101;281244,7
18;33266,03125;14463,3587646484;10;298,9517;True;2760;100,8638;847,9496;27,77401;444974,8
19;31665,33203125;16074,4385742187;10;325,9176;True;2760;116,8206;873,1311;31,74257;1778890
20;33149,79296875;14003,3754493713;10;320,4802;True;2760;102,895;774,4098;24,65888;541838,9
21;32474,841796875;14564,7621422768;9;249,095;True;2760;100,3542;809,5609;32,20684;1104299
22;33114,41796875;21309,594025135;10;291,5622;True;2760;110,0784;838,8517;7,885936;571318,1
23;33238,07421875;20990,4742675781;8;260,9352;True;2760;95,72607;876,4063;38,27507;468270,7
24;32940,13671875;24496,1120117187;10;221,4768;True;2760;93,31006;812,7134;17,59178;716552,9
25;32157,337890625;21506,6088790894;8;242,0475;True;2760;93,76001;869,1731;30,03532;1368886
26;32163,45703125;21593,9747558594;10;221,4768;True;2760;91,16602;896,0681;33,87979;1363787
27;30634,900390625;18720,2169067383;10;263,1218;True;2760;87,9895;900,6623;27,40361;2637584
28;30128,6328125;15330,0670471191;10;221,4768;True;2760;95,25757;868,1974;32,34362;3059473
29;33134,77734375;17592,0389160156;10;221,4768;True;2760;90,55615;898,0273;33,93259;554351,4
30;31865,74609375;21848,6436668396;8;221,6632;True;2760;92,22266;883,4089;42,96589;1611878
#
Generation;BestFitness;AverageFitnessPopulation;BestNumberOfWheels;BestCarMass;BestRoadCompleted;BestDistance;BestEllapsedTime;BestSumVelocities;BestSumAccelerations;BestSumForces
1;28164,529296875;2963,418158108;10;292,6876;True;2760;124,4597;774,4708;61,89761;4696226
2;30826,103515625;8720,88210293055;9;316,8738;True;2760;134,5142;759,4766;32,22034;2478248
3;32068,763671875;14382,4510879517;10;321,5835;True;2760;96,11835;787,4745;30,07326;1442697
4;33284,9453125;17001,5129150391;10;307,4196;True;2760;112,968;772,6722;34,06363;429213
5;33625,0703125;22304,8038574219;10;307,4196;True;2760;121,4183;824,3798;19,41763;145775,5
6;33537,73046875;18564,8317138672;10;307,4196;True;2760;112,8614;731,7771;35,34486;218557
7;33442,953125;17237,1765852749;9;301,9109;True;2760;112,8177;787,8676;46,79622;297537,9
8;33583,49609375;19602,0336181641;10;307,4196;True;2760;116,1343;825,0327;39,78287;180420,1
9;33327,90625;18102,6197265625;10;307,4196;True;2760;102,3539;827,092;34,19978;393412,2
10;33123,26953125;17240,4888427734;10;307,4196;True;2760;130,2307;833,6252;25,89367;563943,1
11;33597,05078125;22123,2656115055;9;315,1257;True;2760;110,8512;865,7593;38,30984;169125,5
12;33732,4609375;22404,92421875;10;277,3684;True;2760;129,5238;831,8453;40,6223;56280,95
13;33081,44140625;19133,0687011719;10;301,7184;True;2760;96,85474;810,0662;16,98824;598798,8
14;32931,28125;21645,198046875;10;281,8699;True;2760;97,14941;872,5707;33,8898;723932,8
15;32634,880859375;20523,4028320313;10;281,8699;True;2760;98,1582;866,1357;27,73565;970932,2
16;33410,1875;21043,3406005859;10;281,8699;True;2760;88,64429;893,5095;29,20799;324843,4
17;33415,71875;26632,7913574219;10;281,8699;True;2760;92,23413;888,2412;34,38572;320234,6
18;33512,01171875;26006,3268554687;10;281,8699;True;2760;99,31909;877,5654;37,8857;239990,2
19;32821,7421875;23539,2803222656;10;244,5773;True;2760;104,1504;868,1205;22,08182;815215,2
20;33583,140625;24683,5443847656;10;281,7715;True;2760;97,52222;867,3882;42,11039;180716
21;33518,1953125;25597,5100097656;10;249,5808;True;2760;79,01953;893,1415;39,61421;234837,2
22;33340,10546875;20454,4757324219;10;281,8699;True;2760;103,7434;890,0229;37,60936;383244,3
23;32076,9765625;20864,5526418686;9;270,5454;True;2760;91,39136;869,5956;38,7391;1435854
24;32460,484375;19008,4514515877;9;270,5454;True;2760;92,02271;896,736;28,25154;1116263
25;33693,83984375;23662,1660651207;9;270,5454;True;2760;82,50415;892,3773;34,44303;88465,18
26;33662,1484375;20987,8854957014;10;249,5808;True;2760;85,75439;858,5688;36,16967;114876,9
27;33516,52734375;21741,4171142578;8;262,6448;True;2760;102,2908;846,303;29,13093;236228,8
28;33606,73828125;23406,5778320312;10;249,5808;True;2760;81,16284;901,5002;38,119;161051,3
29;33664,171875;22831,3584472656;9;271,7001;True;2760;93,15601;903,6724;40,99194;113190
30;33673,4765625;27537,6070556641;9;244,2523;True;2760;84,44238;897,3084;39,94102;105437,5
#
Generation;BestFitness;AverageFitnessPopulation;BestNumberOfWheels;BestCarMass;BestRoadCompleted;BestDistance;BestEllapsedTime;BestSumVelocities;BestSumAccelerations;BestSumForces
1;32640,28125;2847,05721626282;9;288,0233;True;2760;119,5407;813,3952;31,69452;966431,9
2;32887,2265625;6778,01422348022;9;288,0233;True;2760;117,6506;776,6913;27,41735;760645,6
3;30304,650390625;12064,4818725586;9;288,0233;True;2760;140,0582;790,1856;15,92426;2912791
4;33078,2265625;17345,7279634476;9;288,0233;True;2760;106,8793;841,0074;22,99491;601478,4
5;33644,16015625;23744,2305664063;9;287,6119;True;2760;96,49915;899,8592;32,72574;129866,6
6;32648;21037,7068359375;9;287,6119;True;2760;141,9454;862,5648;22,12632;960000,3
7;32674,138671875;18027,1402877808;9;291,0567;True;2760;90,45203;882,6689;30,81507;938217,3
8;33598,0546875;18702,5319941521;9;291,6307;True;2760;93,96045;877,5889;23,37552;168288,3
9;33577,99609375;27446,8353515625;9;291,6307;True;2760;102,2596;866,6014;31,4442;185003,8
10;33534,55859375;24500,6498371124;9;280,8976;True;2760;115,6383;876,9217;33,22635;221202,3
11;33100,91796875;25898,1936035156;9;298,332;True;2760;87,21106;903,1433;34,09104;582569,6
12;33326,875;25848,7444091797;9;275,2132;True;2760;106,4871;895,2331;28,13259;394269,3
13;33460,125;23885,9425408363;8;296,3689;True;2760;85,83093;892,8958;28,36473;283230,8
14;33723,2578125;24012,2107910156;8;296,3689;True;2760;97,23535;768,7709;24,78237;63950,31
15;33475,71484375;24610,1725585937;8;296,3689;True;2760;83,1875;910,9727;25,78942;270236,1
16;33656,30078125;22344,3158512115;8;289,6675;True;2760;87,76416;880,2805;27,07313;119750,6
17;33622,05859375;26659,5565917969;8;281,1446;True;2760;113,9751;887,4772;26,03874;148283,3
18;33485,85546875;18535,410827446;9;323,4681;True;2760;104,6875;876,6192;31,09373;261785,8
19;33675,4296875;22035,8111083984;8;289,6675;True;2760;104,3936;890,3812;29,79841;103809,3
20;33132,99609375;22241,9610454559;7;288,1588;True;2760;72,06104;904,7745;28,31454;555835,6
21;33140,90234375;22625,2258768082;8;296,4595;True;2760;93,29614;887,9956;26,78522;549246,9
22;32827,57421875;22910,8911621094;7;298,8537;True;2760;88,67065;890,3199;40,81456;810354,8
23;33452,46875;22637,11640625;7;290,3307;True;2760;88,2522;900,088;28,68966;289610,9
24;33687,39453125;22690,6529541016;7;290,3307;True;2760;77,48633;908,8198;26,43413;93837,09
25;32454,515625;23029,4626464844;7;290,3307;True;2760;95,56079;867,9244;27,30962;1121237
26;33694,875;27809,6700683594;7;254,5437;True;2760;101,2395;888,1735;29,29603;87604,37
27;33236,984375;21503,7265357971;8;289,6675;True;2760;98,04761;856,0815;31,06971;469180,5
28;33715,4609375;17154,0435963631;7;254,5437;True;2760;113,8552;867,889;34,44922;70448,96
29;33161,10546875;18186,1461370468;7;254,5437;True;2760;121,4131;861,4163;33,61278;532411,5
30;33402,01953125;18505,9626464844;7;283,866;True;2760;122,478;874,9509;20,22356;331651,3
#
Generation;BestFitness;AverageFitnessPopulation;BestNumberOfWheels;BestCarMass;BestRoadCompleted;BestDistance;BestEllapsedTime;BestSumVelocities;BestSumAccelerations;BestSumForces
1;6174,83203125;1266,22472695112;9;328,278;False;1234,966;54,18354;359,0328;11,82647;20995,05
2;12037,541015625;4682,80700103641;10;367,9632;False;2407,508;105,0319;667,0631;1,219591;37946,05
3;30312,94921875;7249,6330745697;9;332,475;True;2760;123,8959;834,6296;31,64238;2905876
4;11031,9248046875;6404,08903334141;9;332,475;False;2206,385;109,2521;658,6616;2,514887;49684,37
5;32349,26953125;9435,10959470272;9;347,3972;True;2760;111,4332;818,4133;25,28778;1208942
6;29071,158203125;11543,2205359459;9;333,3383;True;2760;116,5146;856,5591;21,63451;3940701
7;33706,7578125;13900,0836249352;8;295,058;True;2760;111,6047;857,9146;25,50155;77700,2
8;32791,6796875;10130,0574754238;9;346,4892;True;2760;85,43909;781,4132;35,22445;840267,2
9;32468,294921875;14082,5099559307;9;354,1072;True;2760;82,04651;794,2241;36,92451;1109754
10;33381,4609375;13955,7247259915;9;316,6341;True;2760;82,71985;869,3732;28,72942;348783,7
11;32896,5546875;21341,1755554199;9;316,6341;True;2760;86,51526;892,8552;29,2295;752872,2
12;32831,609375;16927,9161472321;9;316,6341;True;2760;89,16516;870,1528;30,27951;806993,3
13;31191,39453125;16367,5393596172;9;314,2668;True;2760;83,7179;886,4189;30,37317;2173837
14;32359,326171875;14085,5369396687;9;298,6254;True;2760;82,67993;875,0504;19,55591;1200561
15;33074,43359375;16896,5892261982;9;298,6254;True;2760;89,2627;865,1671;48,29143;604637,4
16;33341,28515625;20586,517606926;9;298,6254;True;2760;70,76038;886,3247;34,37655;382263,1
17;31271,302734375;16506,453081727;9;251,6556;True;2760;78,87622;779,3797;41,91819;2107247
18;30528,25;20814,72578125;9;293,1345;True;2760;77,25903;888,0016;38,60438;2726459
19;33459,6796875;24834,0677048743;9;303,3828;True;2760;90,38208;877,0611;43,95361;283600,3
20;33585,54296875;21931,3222179413;9;303,3828;True;2760;71,80908;874,5334;38,11392;178712,9
21;33292,21484375;23632,6503578663;9;274,215;True;2760;84,27905;874,6699;40,64017;423155,4
22;33450,22265625;21353,5239966631;9;274,215;True;2760;77,04517;884,9966;39,68178;291479,8
23;32120,24609375;18004,2979588985;9;283,9359;True;2760;96,48779;884,0626;70,61184;1399796
24;32148,009765625;21568,7092136383;9;253,8516;True;2760;81,25;859,9927;39,34452;1376658
25;32866,859375;21500,7848144531;9;253,8516;True;2760;73,42871;880,0858;40,7182;777615,7
26;33462,609375;24157,0826171875;9;230,3711;True;2760;83,9646;866,8224;39,42981;281160
27;33032,37109375;23700,9608251572;10;279,2243;True;2760;98,80469;884,7189;13,01263;639692,3
28;30856,73046875;18544,8428177834;10;261,0911;True;2760;90,35791;879,9144;31,50549;2452724
29;32853,72265625;17503,4600358963;10;255,7438;True;2760;65,70557;796,2864;45,98634;788565,8
30;31364,537109375;20643,1127929688;10;255,7438;True;2760;57,51099;885,3812;62,51072;2029552
#
Generation;BestFitness;AverageFitnessPopulation;BestNumberOfWheels;BestCarMass;BestRoadCompleted;BestDistance;BestEllapsedTime;BestSumVelocities;BestSumAccelerations;BestSumForces
1;2956,916015625;377,024926292896;9;304,6873;False;591,3832;81,82912;174,6837;11,18388;15530,73
2;3378,15380859375;864,065748524666;9;346,3572;False;675,6307;82,98928;196,8493;0,595448;20470,06
3;13163,64453125;3240,64297337532;9;304,6873;False;2632,729;124,7045;760,3746;-19,01759;13037,19
4;31538,36328125;9855,05379452705;9;304,6873;True;2760;125,2914;758,6549;30,0642;1884698
5;33382,39453125;14129,7780576289;10;317,0869;True;2760;90,72968;769,4622;41,11676;348005,9
6;33552,91015625;20469,0621582031;9;315,6683;True;2760;103,1126;867,7309;29,73265;205907,1
7;32167,59375;16756,1500483513;9;299,5948;True;2760;115,2794;751,0751;8,328889;1360338
8;33504,1796875;16295,3072027266;9;315,6683;True;2760;99,23206;872,083;31,99357;246517
9;33698,47265625;20350,2854635537;9;315,6683;True;2760;105,8514;753,1407;25,85344;84606,61
10;31016,65234375;20833,6876058638;9;315,6683;True;2760;103,1538;818,5358;36,43071;2319457
11;33201,5859375;20635,0001642585;9;315,6683;True;2760;111,1621;785,3278;22,91876;498678,3
12;33571,51171875;22638,739453125;9;322,7959;True;2760;95,74377;861,1682;28,1555;190406,8
13;32135,861328125;18935,5706665039;9;322,7959;True;2760;96,15186;861,5142;34,63626;1386782
14;33724,70703125;22178,7279907227;8;303,2342;True;2760;90,5813;839,317;29,8826;62744,7
15;33469,76171875;21852,0434396744;9;312,8954;True;2760;89,69031;887,399;34,02458;275197
16;33618,37109375;20587,9982582092;8;303,0642;True;2760;110,4495;890,0311;33,28161;151358,8
17;33464,8203125;20780,7393554688;8;303,0642;True;2760;116,4141;891,8318;42,25376;279315,8
18;33633,51171875;21305,951953125;8;289,9716;True;2760;113,5613;908,0143;32,75398;138741,1
19;33662,75;17395,3750976563;8;303,0642;True;2760;119,4958;879,7296;34,42288;114373,6
20;32910,80078125;18603,9677490234;8;252,7572;True;2760;94,12622;876,2059;19,29652;740998,7
21;32183,689453125;16786,0966680527;8;252,7572;True;2760;96,63208;881,938;43,61069;1346925
22;32848,58984375;22110,136328125;7;300,3235;True;2760;103,2231;883,2076;18,79374;792841,9
23;33574,140625;22351,5012145996;8;256,2681;True;2760;97,95361;863,9693;42,88786;188216,4
24;32147,41796875;18639,2902404785;8;283,2321;True;2760;97,24316;877,8414;38,87471;1377152
25;32556,5703125;17723,9900146484;8;256,2681;True;2760;94,68018;866,5131;40,17652;1036191
26;32717,625;17900,7074007034;8;256,2681;True;2760;96,78027;801,2128;17,71872;901979,1
27;32498,201171875;21572,7198242188;8;281,0008;True;2760;94,93237;872,9457;26,05419;1084833
28;33449,9375;21501,7347068787;8;277,6068;True;2760;91,34424;847,8923;32,95841;291717,4
29;33527,21484375;22401,2233642578;8;277,6068;True;2760;82,78662;882,5408;32,14989;227319,5
30;33283,2578125;19559,3809326172;8;277,6068;True;2760;94,44141;866,6749;30,62008;430619,3
#
Generation;BestFitness;AverageFitnessPopulation;BestNumberOfWheels;BestCarMass;BestRoadCompleted;BestDistance;BestEllapsedTime;BestSumVelocities;BestSumAccelerations;BestSumForces
1;6162,4423828125;1674,73230470419;7;312,1624;False;1232,489;66,86368;357,0975;-1,988193;15071,35
2;9392,38671875;5242,61169780493;7;312,1624;False;1878,477;82,14778;559,8771;6,510177;17005,37
3;33415,8515625;9220,91956572533;7;316,674;True;2760;105,6772;796,7466;17,94864;320123,8
4;33699,953125;14388,9569425583;7;312,8015;True;2760;126,7161;743,2836;27,51529;83370,82
5;30383,8046875;11130,4238253117;7;316,273;True;2760;106,3169;799,1143;35,75448;2846830
6;31158,509765625;9774,59790267944;8;322,413;True;2760;113,6199;790,2685;29,86373;2201242
7;32286,353515625;10561,8552207649;7;311,7614;True;2760;125,6746;800,3159;33,42202;1261372
8;27334,755859375;10267,8865026712;7;311,7614;True;2760;115,9164;791,7448;15,72971;5387704
9;32362,958984375;11758,9618118286;8;325,273;True;2760;115,6665;770,8811;22,38337;1197533
10;29056,43359375;11030,1919921875;7;316,273;True;2760;108,7135;763,0712;16,0896;3952972
11;30032,943359375;12579,254425621;7;316,273;True;2760;107,4724;796,9166;24,64111;3139215
12;30889,671875;14203,4791748047;7;310,2043;True;2760;118,1104;774,9941;7,630252;2425274
13;29964,359375;12008,6624023438;7;315,7007;True;2760;128,0961;802,5649;14,53283;3196367
14;32133,671875;14036,4329465151;7;316,273;True;2760;96,84814;784,4704;28,97166;1388607
15;30963,755859375;14557,4205505371;7;315,4485;True;2760;101,1875;808,7917;29,9347;2363536
16;32902,66796875;16354,9535400391;7;316,273;True;2760;103,29;826,0784;27,49732;747777,1
17;32724,767578125;21369,4480817795;7;316,273;True;2760;106,7556;863,8784;5,503187;896026,4
18;32706,62890625;15706,823469162;7;328,8209;True;2760;79,10107;876,9534;31,32533;911142,7
19;33281,375;22273,2977050781;8;332,002;True;2760;115,978;873,5112;38,81389;432188,2
20;32338,79296875;20925,1486816406;8;318,3674;True;2760;105,7417;856,2654;29,46268;1217672
21;31600,46484375;21053,176171875;8;318,3674;True;2760;86,74487;911,9377;26,63933;1832945
22;33724,234375;18789,4301548131;8;332,002;True;2760;101,5408;849,8649;28,9231;63137
23;31646,533203125;25886,3831054688;8;318,3674;True;2760;97,06128;903,9456;22,93542;1794556
24;31429,94140625;21844,9060546875;9;340,8511;True;2760;83,77856;881,4356;29,98203;1975048
25;33069,78125;20394,2800495625;9;327,1332;True;2760;122,127;869,2751;24,64349;608514
26;33723,74609375;16772,5774019003;9;340,8511;True;2760;89,6731;857,2761;32,61389;63543,83
27;31684,64453125;17749,6884573102;8;332,002;True;2760;85,91479;891,293;28,80785;1762796
28;33731,42578125;21097,4277587891;9;340,8511;True;2760;110,4229;894,6176;24,08953;57145,69
29;31224,427734375;20454,8298695564;8;318,3674;True;2760;96,44946;872,532;32,16107;2146311
30;33720,19921875;18879,1887695313;8;310,9985;True;2760;84,0376;873,8038;34,35366;66499,74
#