Best Fitness
1406.03
1341.08
1475.98
1841.12
1928.53
2047.38
2076.79
2022.58
2116.52
2140.21
2088.81
2203.73
2199.24
2240.95
2265.6
2197.33
2256.07
2232.8
2221.03
2266.06
2265.08
2280
2274.78
2222.1
2264.66
2280
2280
2280
2280
2280

Average Fitness
237.748
357.685
477.613
645.801
873.658
900.717
944.091
916.19
1108.94
1135.29
1209.72
1341.17
1345.03
1531.85
1387.16
1418.04
1520.92
1351.96
1515.08
1588.19
1448.09
1426.32
1591.89
1328.89
1530.83
1526.58
1603.25
1607.26
1642.73
1702.73
