Best Fitness
1572.81
1679.88
1913.04
1961.53
2046.22
2029.71
2000.37
1952.01
2055.66
2023.8
2000.99
2105.53
2182.37
2198.7
2151.02
2154.76
2280
2217.64
2206.42
2212.45
2274.65
2221.96
2280
2280
2264.71
2274.96
2230.67
2280
2247.78
2225.1

Average Fitness
395.832
584.496
794.964
1044.26
1029.05
1026.89
1198.77
1174.56
1177.18
1286.13
1293.21
1252.21
1242.69
1355.86
1518.14
1584.14
1420.68
1448.31
1457.46
1555.79
1528.85
1648.98
1691.5
1748.56
1643.01
1684.3
1681.9
1587.33
1630.33
1541.06
