Best Fitness
1574.89
1956.59
1894.47
2112.91
2190.09
2147.51
2280
2280
2280
2280
2280
2275.01
2280
2212.08
2280
2264.96
2280
2280
2280
2280
2280
2280
2280
2280
2280
2280
2280
2280
2280
2280

Average Fitness
363.201
804.849
1106.34
1301.77
1386.99
1424.9
1554.64
1538.18
1592.29
1723.42
1584.98
1604.04
1577.77
1747.23
1741.21
1702.16
1704.57
1708.01
1690.04
1693.43
1748.98
1775.21
1700.87
1804.74
1817.44
1717.94
1719.54
1817.27
1701.14
1799.39
