Best Fitness
8848.12
11596.4
15330.2
16944.5
17240.5
21389.9
22120.2
22164.5
22509.6
27132.9
23234.9
26581.1
22008.1
26798.5
23973.9
23380.6
25499.2
23754.8
28203.5
21770.8
26521.1
26956.1
28472.6
26107.2
27674.5
25148.2
28575.5
24415.9
25543.9
29196.9

Average Fitness
2403.5
4989.75
6089.88
6615.5
7202.75
8399
9293.88
8643.38
8998.62
9765.62
9536.5
9552
8929.38
10523.2
10705
9635.12
10135.6
10052.9
10459.1
8735.62
10516.1
11202.9
10698.5
9970.25
10964.6
9718.38
12086.5
10889.1
11488.8
11263.6

Distance
1769.38
1924.5
2042.25
2123.62
2081.5
2162
2175.12
2192.12
2253.88
2244
2217.12
2280
2280
2280
2259.75
2261.12
2280
2280
2280
2276.38
2280
2280
2280
2280
2280
2280
2280
2280
2280
2280

SumForces
190966
993418
921233
1.10537e+006
973301
1.82802e+006
1.64067e+006
1.50122e+006
2.34397e+006
1.32489e+006
2.6968e+006
4.01548e+006
6.50624e+006
3.83405e+006
2.54453e+006
2.44334e+006
3.29986e+006
2.8306e+006
2.66343e+006
2.30712e+006
4.06534e+006
3.70293e+006
2.43907e+006
2.52769e+006
3.10421e+006
2.06293e+006
2.35327e+006
3.88344e+006
1.48754e+006
1.83563e+006
