Best Fitness
15577.6
18064.8
24138.4
27578.1
29456.9
29570.5
32250.4
32385
32577
32508.9
32631.6
32782
32447
33051
32919
33193.8
33034.2
32895.8
33131.8
33199.5
32887.8
33209.1
32741
32646.1
32874
33313.1
32685.5
32789.4
32943
32792.4

Average Fitness
2008
5334
8614
12335.8
14537.9
15166.1
14754.8
16012.2
17594.2
17056.9
19838.5
19246.5
17490.9
19257.1
20386.9
20351
21575.6
20047.2
20536.1
20960.5
20729
21970.5
20928
21088.4
22140
20685.4
21247.1
19439.1
20613.1
21160.5

Distance
1856
2262.5
2607.5
2674.62
2730.62
2707
2760
2760
2760
2760
2760
2760
2760
2760
2760
2760
2760
2760
2760
2760
2760
2760
2760
2760
2760
2760
2760
2760
2760
2760

SumForces
1.02046e+006
640326
1.17625e+006
673069
1.41747e+006
1.22199e+006
1.29095e+006
1.17887e+006
1.01855e+006
1.07555e+006
973167
847865
1.12708e+006
623844
733675
504880
637666
753209
556386
499958
759814
492134
882140
961188
771101
405284
928301
841749
713827
839270
