Best Fitness
19962.1
26784
37608.4
39901.5
40880.2
40186.1
41191.6
41013.5
40553.1
41225.2
41035.8
41462
40888.9
41271.9
41683.8
41650.6
41449.6
41668.6
41895
41954.4
41851.5
41728.9
41786.5
41727.6
41458.4
41769.6
41750.1
41840.8
41904.9
42012.5

Average Fitness
6699.12
11963
15520
17877.8
19728.2
20285.6
23662.1
24416.2
23853.6
26513.6
26129.4
28333.6
28351
28595.6
28656.5
28801.2
28765.5
29405.5
29204.9
30901.2
30268.1
29037.4
27774.2
30393.8
30073.8
30277.1
29444.8
27462.6
28629.2
30317.6

Distance
3638.25
4074.75
4440.5
4450
4450
4450
4450
4450
4450
4450
4450
4450
4450
4450
4450
4450
4450
4450
4450
4450
4450
4450
4450
4450
4450
4450
4450
4450
4450
4450

SumForces
730716
1.00587e+006
1.75632e+006
1.95651e+006
1.14094e+006
1.71956e+006
881545
1.02991e+006
1.41365e+006
853516
1.01147e+006
892597
1.13398e+006
814675
471489
660752
666624
484120
295511
245948
331870
433914
385888
434929
659213
441415
416355
565883
287220
197555
