Generation;BestFitness;AverageFitnessPopulation;BestNumberOfWheels;BestCarMass;BestRoadCompleted;BestDistance;BestEllapsedTime;BestSumVelocities;BestSumAccelerations;BestSumForces
1;1823.0068359375;360.463657265902;9;313.9377;False;1823.007;46.26679;559.3604;-30.07292;25152.99
2;2117.45776367188;837.716629326344;10;434.3792;False;2117.458;51.43047;616.4513;4.33413;357862.6
3;1984.06005859375;917.363893014193;10;436.1032;False;1984.06;44.67445;568.4395;23.21881;414680.6
4;2028.82788085938;1084.63194844723;9;273.1076;False;2028.828;46.79535;584.8655;-8.961224;301637.8
5;1947.08337402344;957.221780204773;9;281.3417;False;1947.083;47.54572;531.4035;-12.8889;351311.9
6;1900.75390625;1168.26286207438;8;319.6552;False;1900.754;53.68372;554.8108;7.567574;267315.3
7;2207.59912109375;1245.86993519664;8;315.653;False;2207.599;58.86011;631.3954;-10.02787;347010.5
8;2280;1438.66408485174;9;316.4758;True;2280;40.93561;639.8063;85.19798;1.411517E+07
9;2280;1533.80199279785;9;310.9667;True;2280;46.36981;673.0759;70.74921;1.148306E+07
10;2210.84252929688;1543.09194831848;9;310.9667;False;2210.843;61.83069;617.749;-56.54568;12835.15
11;2280;1250.00780233145;8;340.189;True;2280;45.11877;680.7063;82.86751;2.403231E+07
12;2280;1404.71393828392;9;344.5967;True;2280;46.07361;617.7802;56.05887;1489252
13;1907.78796386719;1013.71349835396;8;342.5162;False;1907.788;45.01068;546.6895;-4.442812;13176.48
14;2280;1466.94867526293;9;310.8936;True;2280;42.59473;610.1071;92.44695;1.472877E+07
15;2280;1388.62379965782;9;426.9619;True;2280;42.36304;653.1465;129.6255;2.479306E+07
16;2280;1449.39059556723;7;386.2852;True;2280;46.61658;667.3041;48.3792;1347719
17;2280;1180.2821698904;8;359.2895;True;2280;40.91455;618.2416;118.0083;7181849
18;2280;1596.07352561951;9;397.2939;True;2280;47.36597;653.5839;68.21398;1355890
19;2280;1529.11694850922;9;424.1927;True;2280;51.60144;643.9341;29.86593;3559958
20;2280;1466.33147450686;10;381.4513;True;2280;47.66028;650.1888;27.5064;2.183201E+07
21;2280;1831.11829749346;9;341.7023;True;2280;42.53503;661.2452;94.54145;1.487287E+07
22;2280;1611.72801403999;9;374.5701;True;2280;45.14087;703.8599;56.71236;8295325
23;2280;1957.34396371841;9;374.5701;True;2280;40.93018;641.8192;99.78078;1.070208E+07
24;2280;1614.36870274544;9;393.4709;True;2280;44.13245;692.2173;109.44;2.588376E+07
25;2280;1509.11620497704;9;402.6771;True;2280;42.27869;673.4308;112.2928;2.263896E+07
26;2280;1825.69499443769;8;409.0228;True;2280;40.36792;642.3418;119.2149;4501967
27;2280;1891.94125671387;8;353.5117;True;2280;44.07007;661.7927;80.03612;7454041
28;2280;1657.83801469803;8;368.8697;True;2280;42.38525;638.3906;49.53734;1.490655E+07
29;2280;1477.15932936668;9;358.0807;True;2280;44.69824;688.9977;89.29844;4684754
30;2280;1813.86559448242;8;399.2774;True;2280;41.427;682.6699;130.6798;1.425288E+07
#
Generation;BestFitness;AverageFitnessPopulation;BestNumberOfWheels;BestCarMass;BestRoadCompleted;BestDistance;BestEllapsedTime;BestSumVelocities;BestSumAccelerations;BestSumForces
1;1534.01843261719;256.737328740954;10;399.4494;False;1534.018;44.23756;453.522;8.803655;379701.7
2;1571.14599609375;553.923836937547;8;335.204;False;1571.146;40.93523;461.8513;20.3172;157633.4
3;1657.04089355469;824.76555917263;9;308.8881;False;1657.041;36.3075;514.4683;4.481236;20724.08
4;1531.14807128906;891.876342153549;7;292.5837;False;1531.148;35.55493;410.4329;3.518468;224802.8
5;2280;1052.15582460463;9;281.8918;True;2280;44.70563;632.5701;55.48781;3492564
6;1732.447265625;1012.66709603071;8;305.1151;False;1732.447;43.3255;497.3481;5.981924;87712.38
7;2032.23608398438;856.944102916121;9;271.1555;False;2032.236;47.21301;559.451;14.95175;417986.6
8;2280;1345.20778899193;9;271.1555;True;2280;45.33972;733.5421;56.12437;7468629
9;2280;1201.35792306662;8;269.7991;True;2280;52.19177;674.8013;-36.85538;587217.5
10;2076.95263671875;983.535922111571;8;285.452;False;2076.953;46.815;609.3005;-6.233425;206295.6
11;2280;1092.83192300797;8;273.5081;True;2280;45.22333;625.9379;56.82567;4362560
12;1822.6748046875;1074.4654982686;7;262.0856;False;1822.675;41.04596;547.197;9.514765;537355.2
13;2280;1291.4218418777;9;333.4233;True;2280;47.75537;709.488;56.45487;1.196544E+07
14;2073.33911132813;856.946353363991;8;287.1137;False;2073.339;46.02588;672.8559;13.17187;1071269
15;2248.95288085938;727.207160186768;7;299.3502;False;2248.953;43.35669;637.916;46.7885;1162008
16;2074.21313476563;1034.22219758034;9;290.7171;False;2074.213;57.34631;599.3525;-25.58663;105698.3
17;2280;1531.09618110657;9;339.5431;True;2280;46.38782;734.8443;41.75805;2247418
18;2074.65502929688;1217.70422922373;8;273.1664;False;2074.655;50.58655;595.3194;-22.03178;1188257
19;2280;1293.0103523016;7;332.1507;True;2280;45.09424;634.1824;45.94636;8446358
20;2280;1734.68616747856;9;350.1507;True;2280;48.05139;658.9154;9.990376;4795491
21;2280;1479.75024962425;9;288.4592;True;2280;41.39209;626.7913;91.95997;8045733
22;2280;1621.78154907227;9;340.7741;True;2280;41.71106;618.918;92.48004;420420.8
23;2280;1487.75683603287;9;345.1607;True;2280;48.71948;646.1274;25.10291;6373808
24;2280;1651.07265741825;9;326.7724;True;2280;39.77271;595.2137;104.6854;1.619139E+07
25;2280;1578.98188290596;9;347.709;True;2280;52.39746;654.7053;-20.27764;8195442
26;2280;1170.18987376094;9;344.7052;True;2280;42.18518;669.3742;105.4108;1972810
27;2280;1467.81299057007;8;379.564;True;2280;41.70239;638.118;77.22264;5239057
28;2280;1582.62199257612;9;259.1235;True;2280;48.46606;649.3099;13.30006;2060828
29;2280;1694.58753637075;9;272.4339;True;2280;45.89575;673.9004;89.72207;8131121
30;2280;1772.95050506592;9;227.8594;True;2280;39.8584;650.1779;97.64117;9800612
#
Generation;BestFitness;AverageFitnessPopulation;BestNumberOfWheels;BestCarMass;BestRoadCompleted;BestDistance;BestEllapsedTime;BestSumVelocities;BestSumAccelerations;BestSumForces
1;1455.01354980469;393.840912740678;9;319.0147;False;1455.014;41.16921;427.1242;-18.99553;311039.5
2;2032.56604003906;709.332693749666;9;255.5244;False;2032.566;47.92604;557.9642;-2.47368;160415.3
3;1611.00134277344;861.533624517918;9;255.5244;False;1611.001;41.13783;464.364;-7.848187;138428.2
4;2280;1115.83985433578;9;317.9948;True;2280;45.20671;682.3467;62.85835;1.269127E+07
5;2033.03063964844;1020.50366070271;9;329.537;False;2033.031;67.08936;568.7563;-8.741231;226957.1
6;2159.5087890625;1010.43039895296;9;324.0421;False;2159.509;50.14526;664.6061;6.223831;718589.2
7;2280;1184.31674861908;9;324.0421;True;2280;40.78195;702.2818;82.49091;2.268611E+07
8;2280;787.797721090168;9;290.1731;True;2280;42.9032;597.1495;101.5651;1.94617E+07
9;2280;1166.199665007;8;284.5395;True;2280;53.29865;637.1752;14.6229;483642.7
10;2280;1624.42409038544;8;276.6053;True;2280;43.10876;606.267;65.93163;6974348
11;2280;1357.00208964348;8;333.559;True;2280;41.24042;579.2527;87.43439;1.224996E+07
12;2280;1280.5322144866;8;285.4132;True;2280;39.59229;601.7845;86.16573;6916997
13;2280;1702.51452988386;8;373.2742;True;2280;46.6698;663.3432;24.25535;5780630
14;2280;1455.49626239538;8;328.1291;True;2280;46.16833;613.6582;64.34608;3933509
15;2280;1823.61529769897;8;332.8861;True;2280;44.30676;589.4991;52.73643;1.05258E+07
16;2280;1051.57275037915;8;349.4222;True;2280;43.19604;610.5898;99.11945;9911346
17;2280;1594.53231749535;8;325.2447;True;2280;48.77075;621.5275;-9.117168;9945994
18;2280;1695.4301451683;8;321.6583;True;2280;42.89636;599.4262;68.97545;1.972389E+07
19;2280;1346.54971496165;8;308.8065;True;2280;42.96216;607.7074;97.75476;7250681
20;2280;1426.17726241648;8;319.4236;True;2280;48.54822;635.8956;57.80334;1.365268E+07
21;2280;1953.38004951477;8;326.3723;True;2280;44.41284;598.0988;55.1829;6250456
22;2280;1400.8496753715;7;306.0808;True;2280;41.58838;679.6221;107.7458;2.084317E+07
23;2280;1487.98295049667;8;365.7306;True;2280;41.94153;618.5762;100.3555;1.22688E+07
24;2280;1767.75627231598;8;301.4954;True;2280;41.28369;608.7405;82.69032;2.060017E+07
25;2280;954.179877465963;9;296.4227;True;2280;41.70032;613.978;69.10347;8752480
26;2280;1426.11585441828;7;317.2305;True;2280;47.19519;659.915;52.62403;703210.9
27;2280;1343.81278532743;7;317.2305;True;2280;39.37695;582.5291;97.3208;1.264952E+07
28;2280;1718.98202896118;8;337.9159;True;2280;44.05835;705.4902;59.23035;1.264907E+07
29;2280;1524.80994793773;8;298.4159;True;2280;43.70459;723.8364;59.04448;1.940772E+07
30;2280;1712.0012265712;10;253.471;True;2280;41.12842;633.207;79.66083;2.189067E+07
#
Generation;BestFitness;AverageFitnessPopulation;BestNumberOfWheels;BestCarMass;BestRoadCompleted;BestDistance;BestEllapsedTime;BestSumVelocities;BestSumAccelerations;BestSumForces
1;2202.408203125;373.404011258483;9;350.5047;False;2202.408;53.0701;672.1827;-51.35098;802054
2;1304.78271484375;468.454511427879;10;332.4416;False;1304.783;45.34155;381.8701;31.35176;46342.16
3;1535.36853027344;725.627836865187;10;332.4416;False;1535.369;51.17451;421.4464;-18.79915;7811.841
4;1456.69921875;757.321011948585;9;343.4733;False;1456.699;49.1033;437.362;-28.62925;21024.23
5;1774.20886230469;957.869347584248;9;321.8074;False;1774.209;55.04251;541.4164;-20.33425;427296.3
6;2162.84790039063;876.022563004494;10;314.0369;False;2162.848;48.71658;604.9024;-53.71316;26454.66
7;2073.08349609375;1032.79538941383;10;303.1479;False;2073.083;51.56317;639.0308;-2.970122;243058.5
8;2280;1199.28597106934;9;315.593;True;2280;48.77509;634.1001;55.85581;8503683
9;1943.78674316406;1466.48542785645;9;315.593;False;1943.787;45.08972;556.795;-6.315271;113923.8
10;2280;1215.05020692348;9;315.593;True;2280;40.74066;630.6981;79.82193;8009832
11;2280;1479.79485931396;8;338.6671;True;2280;54.94269;634.6191;74.4203;7589017
12;2280;1086.86078691483;10;358.935;True;2280;48.83643;637.9276;52.62808;3223643
13;2280;1206.95888018608;10;353.0231;True;2280;50.24622;620.8433;50.07692;1.450478E+07
14;2280;1489.02356325388;10;309.7565;True;2280;49.46484;622.5932;43.62766;1.309773E+07
15;2280;1684.87399902344;10;357.1771;True;2280;38.73218;608.5593;104.5683;9001032
16;2280;1406.14451828003;10;347.0494;True;2280;48.68689;625.7711;55.95023;1.084114E+07
17;2280;1336.04923046529;10;352.7829;True;2280;41.00415;624.6749;77.78394;1.372316E+07
18;2280;1323.74657819867;10;312.7192;True;2280;53.91602;658.6813;10.78049;4719281
19;2280;1380.31354008913;9;338.4642;True;2280;44.89209;637.8456;96.98135;4256763
20;2280;1304.40605494976;10;322.7509;True;2280;40.67969;640.7035;86.65311;5474574
21;2280;1431.87530861497;10;356.8026;True;2280;40.69482;581.4371;81.7739;1.65528E+07
22;2280;1889.55576171875;10;356.8026;True;2280;39.21399;591.6559;111.31;1.590467E+07
23;2280;1850.42321166992;10;353.9218;True;2280;41.12598;562.3931;90.82947;2.26166E+07
24;2280;1706.74882017374;10;331.5942;True;2280;48.30115;657.2083;45.72528;1678561
25;2280;1811.75842132568;10;385.3995;True;2280;39.08081;592.1127;103.3427;1785399
26;2280;1946.15880180597;10;322.8416;True;2280;43.3689;612.3499;63.37718;1.402705E+07
27;2280;1572.41844604015;10;293.9626;True;2280;47.53955;645.2065;77.49823;1.797293E+07
28;2280;1628.20232418776;10;314.9642;True;2280;41.6272;613.1965;128.9346;6460998
29;2280;1447.72114620209;10;375.9951;True;2280;41.14478;628.7654;110.3897;1.450855E+07
30;2280;1667.21994101405;10;303.7897;True;2280;45.95557;671.2177;42.21191;2069291
#
Generation;BestFitness;AverageFitnessPopulation;BestNumberOfWheels;BestCarMass;BestRoadCompleted;BestDistance;BestEllapsedTime;BestSumVelocities;BestSumAccelerations;BestSumForces
1;1594.71826171875;364.743127584457;10;320.5247;False;1594.718;37.8205;482.2289;-22.5135;8882.476
2;2209.54858398438;730.419712129235;9;353.0605;False;2209.549;52.50419;628.8432;11.82658;274424.7
3;2253.486328125;1119.00167905092;9;365.6371;False;2253.486;48.0836;626.1111;-56.92211;27504.13
4;2280;1409.10241913795;9;361.7017;True;2280;46.0239;667.0698;9.861416;5459573
5;2280;1284.08249896169;9;368.8874;True;2280;42.89709;651.6324;95.96152;9584070
6;2280;1739.68274114132;8;318.9433;True;2280;40.21371;579.5278;87.37824;1.136481E+07
7;2280;1438.74363590479;8;308.4349;True;2280;44.47791;641.2438;70.55976;1.971365E+07
8;2280;1672.05723495483;8;347.5128;True;2280;44.70636;697.9854;58.31083;6110304
9;2280;1544.15112526417;8;347.5128;True;2280;40.65723;569.4429;93.2318;1.506533E+07
10;2280;1729.11365014315;10;355.2455;True;2280;42.26532;615.9869;76.64906;4967610
11;2280;1716.34526515007;7;306.1858;True;2280;45.50171;619.3074;48.03479;9324060
12;2280;1757.1695266068;7;287.3613;True;2280;40.36267;561.5181;110.4511;2.1486E+07
13;2280;1595.14655079246;8;315.1857;True;2280;48.06317;654.2108;-8.33043;1789168
14;2257.65844726563;1587.53537063599;8;315.1857;False;2257.658;46.01672;632.5969;29.62092;1310280
15;2280;1467.28895836174;8;315.1857;True;2280;45.44104;612.7787;60.91469;3.020826E+07
16;2280;1484.15365111679;7;294.0787;True;2280;48.28979;694.6932;42.31773;7918102
17;2280;1629.34713592529;7;287.8672;True;2280;42.16577;598.5586;68.55755;570714.6
18;2280;1526.17564315498;7;287.8672;True;2280;39.62598;587.6259;94.4263;2.258208E+07
19;2280;1317.85016897619;8;291.6539;True;2280;47.07434;647.7093;54.79063;2.009331E+07
20;2280;1565.73057253361;8;255.9673;True;2280;47.33862;700.5568;52.913;6845478
21;2280;1245.14733334184;8;302.6444;True;2280;45.98889;726.4348;55.51515;9859361
22;2280;1423.65993794203;7;279.5088;True;2280;40.77332;551.6169;98.20982;2.157281E+07
23;2280;1372.73468491435;8;342.765;True;2280;41.91675;617.3286;75.14569;1.760397E+07
24;2280;1311.10823962688;8;344.248;True;2280;41.60645;573.8032;83.01062;9299091
25;2280;1195.20975800455;8;273.2068;True;2280;43.97266;648.2174;82.78836;7405033
26;2280;1544.09068939686;8;341.9738;True;2280;44.22876;566.1594;79.82133;1.564184E+07
27;2280;1299.14998633862;8;330.5471;True;2280;43.7196;698.5266;72.9863;5491062
28;2280;1419.50898678303;8;330.5471;True;2280;44.38965;645.2972;54.86358;2.501177E+07
29;2280;1645.14425354004;8;305.6595;True;2280;42.77734;608.2553;62.05997;2.379721E+07
30;2280;1588.55004573464;8;302.3683;True;2280;44.3313;645.5518;42.55304;6567430
#