Generation;BestFitness;AverageFitnessPopulation;BestNumberOfWheels;BestCarMass;BestRoadCompleted;BestDistance;BestEllapsedTime;BestSumVelocities;BestSumAccelerations;BestSumForces
1;1378.11315917969;646.681130868197;9;368.6744;False;1378.113;36.05539;382.2661;40.39726;137768.2
2;2280;1208.86444737911;9;368.6744;True;2280;41.91042;625.9616;101.157;6364751
3;2070.43432617188;1236.70654668808;9;368.6744;False;2070.434;45.19746;565.173;-3.657927;424993.7
4;2280;1537.41568908691;10;382.8206;True;2280;45.42111;693.1353;48.16105;1.28921E+07
5;2280;1347.68027515411;9;368.6744;True;2280;45.24689;700.5585;26.42764;4266942
6;2280;1397.2229845047;9;368.6744;True;2280;42.06525;742.2822;42.78275;1.049616E+07
7;2166.7109375;1222.87980699614;9;373.6913;False;2166.711;42.01727;633.9579;-53.39915;22953.27
8;2157.63647460938;1394.96676225662;9;335.5146;False;2157.636;45.02661;704.6658;-3.107781;675553.3
9;2115.21435546875;1300.48999889791;9;332.9389;False;2115.214;46.30798;630.9127;33.36107;323318.9
10;2246.43994140625;1487.90972094536;9;387.4849;False;2246.44;48.78461;647.1318;7.384965;538399
11;2280;1579.04224081039;9;363.5859;True;2280;44.69537;701.6891;52.71384;1.505498E+07
12;2280;1785.84043807983;8;358.3911;True;2280;40.36121;629.468;85.4942;3242785
13;2280;1374.10351791382;8;293.5912;True;2280;45.61523;619.0242;73.6751;1.185941E+07
14;2280;1708.79389605522;8;293.5912;True;2280;39.56946;593.1227;85.14321;1.329827E+07
15;2280;1549.09256038666;9;262.1623;True;2280;45.86707;576.4724;63.46211;5959060
16;2280;1628.13530840278;8;286.6366;True;2280;40.99609;641.0223;88.0221;1.815423E+07
17;2280;1641.28890228271;8;286.6366;True;2280;39.83569;588.4341;100.309;1.524648E+07
18;2280;1822.41147460938;9;376.6137;True;2280;45.63757;627.8414;18.51433;1.595798E+07
19;2280;1443.96653356552;8;210.0593;True;2280;40.43542;576.4561;96.66052;1.412208E+07
20;2280;1378.20979892015;9;367.5364;True;2280;52.35791;641.8574;70.19516;1.214626E+07
21;2280;1572.17408921719;8;264.52;True;2280;40.95898;569.6068;93.5552;1.967286E+07
22;2280;1360.09103696942;9;367.5364;True;2280;44.74121;642.6769;25.45234;397017.6
23;2280;1606.15953674316;9;367.5364;True;2280;40.81653;634.3679;101.4658;1.114128E+07
24;2280;1562.1579241991;9;367.5364;True;2280;41.83337;618.5005;102.4031;1.369917E+07
25;2280;1782.15877685547;9;259.4978;True;2280;38.974;606.6354;112.3914;1.25973E+07
26;2280;1644.80105704069;9;274.3955;True;2280;46.00806;636.9326;55.9638;1.009036E+07
27;2280;1387.28882918358;9;327.0748;True;2280;44.21118;643.8458;64.70525;2.425652E+07
28;2280;1509.87546081543;9;315.0795;True;2280;43.83398;653.3294;80.24136;1.912329E+07
29;2280;1718.39828491211;9;315.0795;True;2280;44.1499;587.0306;83.74046;6252206
30;2280;1569.40589188635;9;315.0795;True;2280;42.02075;679.9939;62.84869;8331828
#
Generation;BestFitness;AverageFitnessPopulation;BestNumberOfWheels;BestCarMass;BestRoadCompleted;BestDistance;BestEllapsedTime;BestSumVelocities;BestSumAccelerations;BestSumForces
1;1649.59497070313;420.76407174468;10;375.4413;False;1649.595;49.84573;492.0453;-10.84837;271673.1
2;1782.70202636719;753.64936542511;8;318.8773;False;1782.702;49.53567;515.6074;-19.23539;16101.42
3;2280;1283.59365024567;9;361.3831;True;2280;42.69572;610.3088;80.33897;1.852569E+07
4;2158.01196289063;1174.60776076317;9;361.3831;False;2158.012;57.21167;656.6961;-20.15076;180826.1
5;2280;1437.43138514757;9;361.3831;True;2280;46.58417;664.9633;82.93144;2204248
6;2280;1412.37947826385;9;361.3831;True;2280;40.29984;640.4385;133.7135;1.494309E+07
7;2280;1415.10715579987;9;339.2953;True;2280;40.56921;632.4179;126.086;1.369348E+07
8;2280;1696.59885253906;9;361.3831;True;2280;49.91467;681.5226;23.40602;2457442
9;2280;1556.96558087468;9;360.7177;True;2280;45.0401;684.7476;88.17888;7518397
10;2280;1148.77994176745;9;340.3497;True;2280;49.87531;658.1212;91.75557;1.443631E+07
11;2280;1223.21390390396;10;365.7453;True;2280;43.58136;641.7289;75.80966;2.109788E+07
12;2280;1865.83108520508;10;357.8983;True;2280;48.8714;632.6078;41.90887;8035136
13;2280;1680.85699830651;10;357.8983;True;2280;47.57922;651.9374;35.15587;223109.6
14;2280;1795.65155743361;10;365.7842;True;2280;47.80798;647.3973;73.82172;3295885
15;2280;1732.20683310032;10;365.7842;True;2280;47.21277;605.389;68.49642;1.823996E+07
16;2280;1529.99782314301;10;365.7842;True;2280;43.18066;658.5849;98.60909;1496341
17;2280;1510.67639774978;8;281.923;True;2280;44.61133;652.4783;63.09428;1.401699E+07
18;2280;1715.71228637695;8;281.923;True;2280;43.5498;597.0366;62.57445;7297642
19;2280;1449.52725464627;8;281.923;True;2280;40.66162;643.5397;105.5318;1.114323E+07
20;2280;1734.1576587677;10;348.839;True;2280;46.54993;608.7123;84.5364;7400790
21;2280;1529.2376594007;10;257.2992;True;2280;42.23901;667.9847;95.49181;2.674829E+07
22;2280;1420.6327255249;8;250.9413;True;2280;42.5083;603.2603;60.91469;1792635
23;2280;1700.59294128418;10;252.5634;True;2280;39.66479;595.2816;76.46294;1.686011E+07
24;2280;1574.19341590405;10;252.5634;True;2280;41.55151;617.6883;116.7524;1.013772E+07
25;2280;1627.41132698059;7;359.4236;True;2280;44.14941;577.4832;65.35805;1.175861E+07
26;2280;1852.64097824097;10;243.6772;True;2280;43.46387;592.2992;78.53724;1.49595E+07
27;2280;1814.34566590786;10;243.6772;True;2280;42.30249;616.257;97.00285;1.427935E+07
28;2280;1641.68454858661;9;299.4986;True;2280;44.73975;646.5989;90.375;1.781125E+07
29;2280;1614.27945175171;9;299.4986;True;2280;40.49707;641.7201;100.1792;1.343917E+07
30;2280;1644.83294826448;9;299.4986;True;2280;42.05225;680.8124;115.4628;9064279
#
Generation;BestFitness;AverageFitnessPopulation;BestNumberOfWheels;BestCarMass;BestRoadCompleted;BestDistance;BestEllapsedTime;BestSumVelocities;BestSumAccelerations;BestSumForces
1;1694.177734375;413.377775847912;9;343.6942;False;1694.178;55.50539;522.2978;7.485646;497721.7
2;2280;714.690925210714;9;343.6942;True;2280;53.2047;667.5175;33.02763;1.060332E+07
3;2280;1148.57928301692;9;343.6942;True;2280;51.21634;646.1231;71.8679;2244614
4;2280;1541.60217895508;8;351.8126;True;2280;41.31635;681.8848;90.09172;115410.3
5;2280;1446.30665743351;8;336.2189;True;2280;41.48959;629.0684;118.9988;1.95009E+07
6;2280;1531.4890889883;8;336.2189;True;2280;41.45807;628.3181;121.449;1.252897E+07
7;2280;1681.3211499691;8;336.9378;True;2280;41.38568;679.9394;141.3365;1.596316E+07
8;2280;1522.71779597402;8;336.9378;True;2280;42.69702;684.5759;85.45031;1.432512E+07
9;2280;1631.71470346451;8;332.6987;True;2280;40.65918;642.0756;110.774;1324406
10;2280;1687.86753959656;8;332.6987;True;2280;45.12616;615.3038;86.6874;2873926
11;2280;1572.54023711085;9;337.6204;True;2280;53.03082;625.6638;35.37657;4749029
12;2280;1592.55429666042;9;347.6131;True;2280;51.27173;694.3322;38.15261;1.726634E+07
13;2280;1963.86432209015;8;324.417;True;2280;40.41785;578.8613;98.94798;1.555516E+07
14;2280;1338.22291010469;8;316.4645;True;2280;46.26428;655.9366;78.58354;9374582
15;2280;1598.60928890705;10;304.2701;True;2280;45.8949;665.6652;76.57928;1.917766E+07
16;2280;1701.69393939972;10;304.2701;True;2280;48.39111;684.2834;68.16224;1227763
17;2280;1424.5892460227;10;277.2519;True;2280;44;586.0081;75.64487;2.280341E+07
18;2280;1615.29671058655;10;277.2519;True;2280;45.96558;613.7015;47.50436;2.112631E+07
19;2280;1708.25116891861;10;277.2519;True;2280;41.46924;697.4127;71.91621;1.944596E+07
20;2280;1369.20476589203;9;307.1784;True;2280;48.62219;637.6279;43.86968;5310853
21;2280;1431.57914936543;10;333.2777;True;2280;44.35815;644.4255;68.31492;3866712
22;2280;1512.84963817596;10;333.2777;True;2280;43.84814;593.0583;54.15612;3767534
23;2280;1324.87965093851;10;333.2777;True;2280;41.58508;615.0023;103.4538;1.125336E+07
24;2280;1768.75457458496;10;330.2646;True;2280;42.13989;609.325;80.92953;2.352874E+07
25;2280;1493.31455762386;10;277.069;True;2280;42.47083;618.0403;74.86249;2.021535E+07
26;2280;1442.2720302999;10;300.7756;True;2280;40.06519;650.0923;83.50622;3.205077E+07
27;2280;1284.3049955368;10;304.7593;True;2280;45.49097;585.5746;60.22169;1.954554E+07
28;2280;1671.79862174988;10;287.3805;True;2280;41.57104;626.3601;81.3725;2.100054E+07
29;2280;1604.32221728638;10;287.3805;True;2280;41.04663;566.6548;87.70361;4958113
30;2280;1715.15991253853;10;271.7506;True;2280;45.85767;684.6071;60.58068;8546730
#
Generation;BestFitness;AverageFitnessPopulation;BestNumberOfWheels;BestCarMass;BestRoadCompleted;BestDistance;BestEllapsedTime;BestSumVelocities;BestSumAccelerations;BestSumForces
1;1900.55163574219;525.025243362784;10;349.9042;False;1900.552;47.12606;582.8147;137.1439;1221619
2;1776.43286132813;733.233596131206;10;349.9042;False;1776.433;39.34147;534.2309;-15.66474;463526.1
3;2208.32568359375;1257.66520471573;10;294.4165;False;2208.326;46.99458;665.9154;-39.11935;9186.123
4;2280;1505.63499662131;10;347.1219;True;2280;44.16319;641.1118;100.3086;4327402
5;2280;1536.99503052235;10;323.7062;True;2280;42.36795;677.0555;91.81004;1622278
6;2164.8447265625;1324.85489187241;10;334.7054;False;2164.845;44.80762;636.1524;-1.987308;899060
7;2280;1608.79604921341;10;372.5625;True;2280;46.57077;662.853;47.90723;1.451098E+07
8;2280;1440.82837791443;10;321.454;True;2280;40.6272;704.6819;112.7486;3283265
9;2280;1915.49061889648;10;308.7942;True;2280;44.64954;634.8814;73.93191;1.295361E+07
10;2280;1819.4673327446;10;310.9997;True;2280;41.27405;640.3069;94.04889;4265000
11;2280;1609.44432659149;10;310.9997;True;2280;43.48853;594.5807;72.60184;7244117
12;2280;1729.31377868652;10;309.985;True;2280;47.04797;602.2012;37.87987;1.794567E+07
13;2280;1564.82562823296;10;296.3688;True;2280;41.23547;617.6753;101.4184;1.811334E+07
14;2280;1472.43773651123;10;311.187;True;2280;43.76099;628.1526;68.10359;3830241
15;2280;1268.95839349031;9;245.5583;True;2280;45.12354;677.0342;42.40149;2025394
16;2280;1581.49731879234;9;245.5583;True;2280;41.16736;573.6239;80.22786;2.447356E+07
17;2280;1537.75931322575;10;330.0424;True;2280;42.62207;598.8932;87.82029;5526570
18;2280;1889.1682800293;10;292.2195;True;2280;51.61365;599.0671;28.87815;1.743963E+07
19;2280;1545.16265324652;10;332.5864;True;2280;48.98389;629.4762;30.66292;2001321
20;2280;1558.16461753845;10;332.5864;True;2280;50.60498;646.2622;57.54113;1.011089E+07
21;2280;1588.39879760742;10;304.4955;True;2280;43.52783;652.4568;100.8712;2.235702E+07
22;2280;1725.02519655824;8;321.5606;True;2280;47.6145;599.3812;65.94985;6532950
23;2280;1725.07572631836;10;332.5864;True;2280;50.48975;662.5754;51.45786;1.00484E+07
24;2280;1762.01782455444;10;332.5864;True;2280;42.80005;611.2292;90.4025;1.321091E+07
25;2280;1782.60459899902;9;294.4733;True;2280;41.38647;633.3309;77.13613;2.801021E+07
26;2280;1913.45863037109;10;344.041;True;2280;41.41992;618.7519;85.27272;1.045696E+07
27;2280;1816.09296264648;10;299.0577;True;2280;40.75;637.983;111.3448;3.262331E+07
28;2280;1624.68190326691;9;352.582;True;2280;45.19507;681.4111;54.16678;1.7757E+07
29;2280;1525.95799427032;10;301.6053;True;2280;42.50562;670.026;85.74138;1.220442E+07
30;2280;1612.39095326066;9;337.9284;True;2280;41.99731;611.3278;122.0644;1.132016E+07
#
Generation;BestFitness;AverageFitnessPopulation;BestNumberOfWheels;BestCarMass;BestRoadCompleted;BestDistance;BestEllapsedTime;BestSumVelocities;BestSumAccelerations;BestSumForces
1;1337.61462402344;237.685558192432;8;260.0725;False;1337.615;43.52489;409.5473;35.13536;21278.97
2;2074.54638671875;624.668597531319;8;264.6184;False;2074.546;56.76834;635.8535;-49.24397;32114.06
3;1338.50732421875;631.973411476612;8;282.7123;False;1338.507;38.4574;386.9346;6.539384;13792.2
4;1774.94445800781;966.212940216064;8;261.5755;False;1774.944;53.64182;513.1078;-20.96796;126697
5;1947.64868164063;891.660135853291;8;282.7123;False;1947.649;50.10004;584.3849;-18.79827;135810.3
6;2280;1253.99064567089;8;275.7081;True;2280;58.16278;689.1497;83.99138;2362134
7;1862.74035644531;752.867213273048;10;311.8069;False;1862.74;57.54852;558.9102;-43.5535;19234.69
8;2280;1010.87199670076;10;345.9338;True;2280;49.44885;670.269;95.27406;1.455093E+07
9;2280;1223.84136977196;10;316.9351;True;2280;48.32629;623.2324;105.4034;2.164878E+07
10;2280;1740.77995452881;10;316.9351;True;2280;45.63904;619.085;84.87243;9321801
11;2280;1401.38447299004;10;316.9351;True;2280;53.17188;661.4124;99.41134;1.441742E+07
12;2280;1486.81907471418;10;316.9351;True;2280;43.93677;639.3857;133.1987;3327875
13;2072.53491210938;1299.13940982819;10;266.6458;False;2072.535;55.27307;622.4076;11.85022;505697.9
14;2280;1146.54959762692;9;284.9076;True;2280;48.34229;678.8483;68.68079;960033.1
15;2280;1602.79514808655;10;296.9652;True;2280;48.64771;679.2206;82.70776;4903189
16;2280;1266.57554135323;10;296.9652;True;2280;51.55566;640.0818;65.58712;1.093219E+07
17;2280;1827.86436767578;9;313.3051;True;2280;49.9751;600.3318;54.67549;3828176
18;2280;1634.95545082092;10;265.3096;True;2280;43.45068;593.3978;81.42722;9100653
19;2280;1700.13992571831;10;338.9399;True;2280;42.7511;610.1463;74.84106;7865231
20;2280;1411.96873903275;10;338.9399;True;2280;41.11511;580.203;78.52773;6669994
21;2280;1822.08814353943;10;338.9399;True;2280;43.73096;590.5316;76.70577;1.559562E+07
22;2280;1348.6035369873;10;329.1439;True;2280;47.97754;585.5667;41.67772;2.136089E+07
23;2280;1526.73394443989;10;329.1439;True;2280;48.44214;630.4377;78.7999;6991621
24;2280;1242.30841789246;10;329.1439;True;2280;41.46143;625.6849;92.14626;1.486848E+07
25;2280;1337.12631340027;10;307.2811;True;2280;45.6311;613.0925;76.54568;4432620
26;2280;1492.86356971264;10;356.3663;True;2280;42.22803;617.3738;90.86617;2.331774E+07
27;2280;1647.75276985168;10;356.3663;True;2280;49.6853;617.0892;43.73953;1.038021E+07
28;2280;1652.18092269897;10;356.3663;True;2280;42.67114;613.8601;84.6629;9853170
29;2280;1580.98046183586;10;323.3402;True;2280;42.76831;604.7032;75.82694;7480600
30;2280;1589.49687571526;10;356.3663;True;2280;45.29053;583.0167;53.23426;1.269231E+07
#